qtr,汇率,date1,1. 经常账户,贷方,借方,1.A 货物和服务,贷方,借方,1.A.a 货物,贷方,借方,1.A.b 服务,贷方,借方,1.A.b.1 加工服务,贷方,借方,1.A.b.2 维护和维修服务,贷方,借方,1.A.b.3 运输,贷方,借方,1.A.b.4 旅行,贷方,借方,1.A.b.5 建设,贷方,借方,1.A.b.6 保险和养老金服务,贷方,借方,1.A.b.7 金融服务,贷方,借方,1.A.b.8 知识产权使用费,贷方,借方,1.A.b.9 电信、计算机和信息服务,贷方,借方,1.A.b.10 其他商业服务,贷方,借方,1.A.b.11 个人、文化和娱乐服务,贷方,借方,1.A.b.12 别处未提及的政府货物和服务,贷方,借方,1.B 初次收入,贷方,借方,1.B.1 雇员报酬,贷方,借方,1.B.2 投资收益,贷方,借方,1.B.3 其他初次收入,贷方,借方,1.C 二次收入,贷方,借方,1.C.1个人转移,贷方,借方,1.C.2 其他二次收入,贷方,借方,2. 资本和金融账户,2.1 资本账户,贷方,借方,2.2 金融账户,资产,负债,2.2.1 非储备性质的金融账户,资产,负债,2.2.1.1 直接投资,2.2.1.1.1 资产,2.2.1.1.1.1 股权,2.2.1.1.1.2 关联企业债务,2.2.1.1.1.a 金融部门,2.2.1.1.1.1.a 股权,2.2.1.1.1.2.a 关联企业债务,2.2.1.1.1.b 非金融部门,2.2.1.1.1.1.b 股权,2.2.1.1.1.2.b 关联企业债务,2.2.1.1.2负债,2.2.1.1.2.1 股权,2.2.1.1.2.2 关联企业债务,2.2.1.1.2.a 金融部门,2.2.1.1.2.1.a 股权,2.2.1.1.2.2.a 关联企业债务,2.2.1.1.2.b 非金融部门,2.2.1.1.2.1.b 股权,2.2.1.1.2.2.b 关联企业债务,2.2.1.2证券投资,2.2.1.2.1资产,2.2.1.2.1.1股权,2.2.1.2.1.2债券,2.2.1.2.2负债,2.2.1.2.2.1股权,2.2.1.2.2.2债券,2.2.1.3金融衍生工具,2.2.1.3.1资产,2.2.1.3.2负债,2.2.1.4其他投资,2.2.1.4.1资产,2.2.1.4.1.1其他股权,2.2.1.4.1.2货币和存款,2.2.1.4.1.3贷款,2.2.1.4.1.4保险和养老金,2.2.1.4.1.5贸易信贷,2.2.1.4.1.6其他,2.2.1.4.2负债,2.2.1.4.2.1其他股权,2.2.1.4.2.2货币和存款,2.2.1.4.2.3贷款,2.2.1.4.2.4保险和养老金,2.2.1.4.2.5贸易信贷,2.2.1.4.2.6其他,2.2.1.4.2.7特别提款权,2.2.2 储备资产,2.2.2.1 货币黄金,2.2.2.2 特别提款权,2.2.2.3 在国际货币基金组织的储备头寸,2.2.2.4 外汇储备,2.2.2.5 其他储备资产,3.净误差与遗漏
1998,8.2789,1998Q1,104.7116,432.90073267000002,-328.18913266999999,112.71259999999999,421.79373267,-309.08113266999999,119.79834535000001,363.92707802000001,-244.12873267000001,-7.0857453499999998,57.866654650000001,-64.952399999999997,1.6422389999999999E-2,1.6422389999999999E-2,0,0,0,0,-13.5488,5.4039999999999999,-18.9528,13.9323,28.113299999999999,-14.180999999999999,-1.7130000000000001,1.4918,-3.2048000000000001,-1.2195,2.4594999999999998,-3.6789999999999998,-0.41089999999999999,7.22E-2,-0.48309999999999997,-0.99280000000000002,0.1211,-1.1138999999999999,0.32500000000000001,1.5407,-1.2157,-3.0201677400000002,18.498232260000002,-21.5184,1.6000000000000001E-3,9.9000000000000005E-2,-9.74E-2,-0.45590000000000003,5.04E-2,-0.50629999999999997,-17.730399999999999,0.5796,-18.309999999999999,0.1943,0.1943,0,-17.924700000000001,0.38529999999999998,-18.309999999999999,0,0,0,9.7294,10.5274,-0.79800000000000004,-,-,-,-,-,-,-54.2318,-5.2499999999999998E-2,0,-5.2499999999999998E-2,-54.179299999999998,-109.8655,55.686199999999999,-41.609299999999998,-97.295500000000004,55.686199999999999,87.124600000000001,-2.3001,-2.3001,0,-,-,-,-,-,-,89.424700000000001,86.010994999999994,3.4137050000000002,-,-,-,-,-,-,-2.1118999999999999,-2.8018999999999998,0,-2.8018999999999998,0.69,0.69,0,0,0,0,-126.622,-92.1935,0,38.927399999999999,-2.3323,0,-138.12469999999999,9.3361000000000001,-34.4285,0,-7.6,-19.109100000000002,0,1.6411,-9.3605,0,-12.57,0,-0.24,-5.0599999999999996,-7.27,0,-50.479799999999997
1998.25,8.27896666666667,1998Q2,43.592879999999802,489.39446335000002,-445.80158334999999,130.82335,479.28634334999998,-348.46299334999998,134.83973248999999,421.72219583999998,-286.88246335000002,-4.0163824900000096,57.564147509999998,-61.580530000000003,0.17180829,0.17180829,0,0,0,0,-17.19061,4.4381899999999996,-21.628799999999998,17.207709999999999,31.5167,-14.30899,-1.49274,1.02518,-2.5179200000000002,-4.7226999999999997,0.1744,-4.8971,-0.49175999999999997,2.9250000000000002E-2,-0.52100999999999997,-0.76121000000000005,0.11309,-0.87429999999999997,-0.79005999999999998,0.75860000000000005,-1.5486599999999999,4.9537092200000004,19.258219220000001,-14.304510000000001,-0.10979,1.737E-2,-0.12716,-0.79074,6.1339999999999999E-2,-0.85207999999999995,-94.352850000000004,2.0470999999999999,-96.399950000000004,0.20526,0.20526,0,-94.558109999999999,1.8418399999999999,-96.399950000000004,0,0,0,7.1223799999999997,8.0610199999999992,-0.93864000000000003,-,-,-,-,-,-,-18.01512,-5.4019999999999999E-2,0,-5.4019999999999999E-2,-17.961099999999998,-141.55923000000001,123.59813,-18.581099999999999,-142.17922999999999,123.59813,97.605909999999994,-12.612830000000001,-4.6128299999999998,-8,-,-,-,-,-,-,110.21874,104.685929,5.5328109999999997,-,-,-,-,-,-,-10.146269999999999,-11.30913,0,-11.30913,1.16286,5.54,-4.3771399999999998,0,0,0,-106.04074,-118.25727000000001,0,8.2476800000000008,-4.8143399999999996,0,-114.89869,-6.7919200000000002,12.216530000000001,0,9.3000000000000007,43.542789999999997,0,-59.166060000000002,18.5398,0,0.619999999999999,0,0.48,-0.93000000000000105,1.07,0,-25.577759999999799
1998.5,8.2793,1998Q3,52.530329999999999,488.10797744000001,-435.57764744000002,109.07959,476.29565744000001,-367.21606744000002,141.68401494,420.56516033000003,-278.88114538999997,-32.604424940000001,55.730497110000002,-88.334922050000003,7.58789392,7.5936559700000004,-5.7620500000000003E-3,0,0,0,-17.966429999999999,5.8735299999999997,-23.839960000000001,-8.4229700000000101,31.87,-40.292969999999997,-1.3904799999999999,1.2495799999999999,-2.6400600000000001,-3.6992699999999998,0.37012,-4.0693900000000003,-0.18376999999999999,0.12042,-0.30419000000000002,-0.75531999999999999,0.17452000000000001,-0.92984,-1.1406799999999999,0.45995999999999998,-1.6006400000000001,-6.3857488599999996,7.9734911400000001,-14.35924,-8.2369999999999999E-2,1.4319999999999999E-2,-9.6689999999999998E-2,-0.16528000000000001,3.09E-2,-0.19617999999999999,-66.217969999999994,1.16574,-67.383709999999994,-0.86441000000000001,0.26197999999999999,-1.12639,-65.353560000000002,0.90376000000000001,-66.257320000000007,0,0,0,9.6687100000000008,10.64658,-0.97787000000000002,-,-,-,-,-,-,18.138929999999998,0,0,0,18.138929999999998,-26.786169999999998,44.9251,28.728929999999998,-16.196169999999999,44.9251,107.791,2.66736,2.66736,0,-,-,-,-,-,-,105.12363999999999,68.355093999999994,36.768546000000001,-,-,-,-,-,-,-5.9653799999999997,-1.77919,0,-1.77919,-4.1861899999999999,0.38,-4.5661899999999997,0,0,0,-73.096689999999995,-17.084340000000001,0,-25.1435,-14.611420000000001,0,37.992359999999998,-15.32178,-56.012349999999998,0,-0.13,1.37141,0,-61.790660000000003,4.5369000000000002,0,-10.59,0,-0.48,-4.1399999999999997,-5.97,0,-70.669259999999994
1998.75,8.2783,1998Q4,113.8794848,579.54864829999997,-465.66916350000002,85.7513548000003,510.12820829999998,-424.37685349999998,59.946936110000301,430.76863037999999,-370.82169427000002,25.804418689999999,79.359577920000007,-53.555159230000001,7.6627260499999998,7.6692659799999996,-6.5399300000000002E-3,0,0,0,4.0824048000000097,7.2925041000000004,-3.2100993,11.24596,34.517400000000002,-23.271439999999998,-0.65986,2.1746500000000002,-2.8345099999999999,-4.0956400000000004,0.84011000000000102,-4.9357499999999996,-0.27822999999999998,4.7750000000000001E-2,-0.32597999999999999,-1.0603800000000001,0.21815000000000001,-1.2785299999999999,5.7253800000000004,6.7648400000000004,-1.0394600000000001,3.7017178400000001,19.788477839999999,-16.086760000000002,-4.6059999999999997E-2,2.2939999999999999E-2,-6.9000000000000006E-2,-0.47360000000000002,2.349E-2,-0.49708999999999998,11.86416,52.048960000000001,-40.184800000000003,-0.60911000000000004,0.30373,-0.91283999999999998,12.473269999999999,51.745229999999999,-39.27196,0,0,0,16.26397,17.371479999999998,-1.10751,-,-,-,-,-,-,-73.241500000000002,-0.36181999999999997,0,-0.36181999999999997,-72.879679999999993,-201.09511000000001,128.21543,-31.159680000000002,-159.37511000000001,128.21543,118.65928,-14.092499999999999,-3.0924999999999998,-11,-,-,-,-,-,-,132.75178,90.839012999999994,41.912767000000002,-,-,-,-,-,-,-18.977979999999999,-22.409880000000001,0,-22.409880000000001,3.4319000000000002,1.04,2.3919000000000001,0,0,0,-130.84098,-122.87273,0,-15.646660000000001,7.6445800000000004,0,-5.8873200000000203,-108.98333,-7.9682500000000198,0,-54.446399999999997,-58.476909999999997,0,119.31562,-14.36056,0,-41.72,0,-0.5,-2.7,-38.520000000000003,0,-40.637984800000297
1999,8.27893333333333,1999Q1,11.533019999999899,403.32686941999998,-391.79384942000002,41.762089999999901,380.61210942000002,-338.85001942000002,53.830882209999899,326.63227293,-272.80139071999997,-12.06879221,53.979836489999997,-66.048628699999995,6.7440464799999997,6.8481451800000004,-0.1040987,0,0,0,-9.6750500000000006,0.61887000000000003,-10.29392,6.1248699999999996,32.005299999999998,-25.88043,-2.9158599999999999,1.4060900000000001,-4.3219500000000002,-2.8317899999999998,0.87763999999999998,-3.7094299999999998,0.33498,0.49509999999999998,-0.16012000000000001,-1.1689000000000001,0.23316999999999999,-1.4020699999999999,-0.13464000000000001,0.61565999999999999,-0.75029999999999997,-3.5820786899999999,10.834431309999999,-14.416510000000001,-7.6020000000000004E-2,1.094E-2,-8.6959999999999996E-2,-4.88835,3.449E-2,-4.9228399999999999,-38.516219999999997,13.64541,-52.161630000000002,-0.78154999999999997,0.31867000000000001,-1.10022,-37.734670000000001,13.326739999999999,-51.061410000000002,0,0,0,8.2871500000000005,9.06935,-0.78220000000000001,-,-,-,-,-,-,5.5806000000000102,-6.5519999999999995E-2,0,-6.5519999999999995E-2,5.6461200000000096,-53.307960000000001,58.954079999999998,18.736619999999998,-40.217460000000003,58.954079999999998,60.759590000000003,-10.015420000000001,-6.6460000000000005E-2,-9.9489599999999996,-,-,-,-,-,-,70.775009999999995,67.454989999999995,3.32002,-,-,-,-,-,-,-35.497729999999997,-31.567229999999999,0,-31.567229999999999,-3.9304999999999999,0,-3.9304999999999999,0,0,0,-6.5252399999999797,1.3651900000000201,0,44.580779999999997,20.40774,0,-46.151470000000003,-17.47186,-7.8904300000000003,0,-10.664239999999999,2.2902999999999998,0,6.11911,-5.6356000000000002,0,-13.0905,0,-0.08,3.65,-16.660499999999999,0,-17.113619999999901
1999.25,8.2787,1999Q2,5.03655999999995,483.92414964,-478.88758963999999,34.736069999999998,457.16141964000002,-422.42534963999998,45.645148059999997,392.83306620000002,-347.18791814000002,-10.909078060000001,64.328353440000001,-75.2374315,9.0937602500000008,9.1900317499999993,-9.6271499999999996E-2,0,0,0,-16.75826,7.34375,-24.10201,12.099629999999999,37.124699999999997,-25.025069999999999,-2.1702300000000001,1.8664499999999999,-4.0366799999999996,-4.4839599999999997,0.20472000000000001,-4.6886799999999997,1.106E-2,0.17835000000000001,-0.16728999999999999,-1.3667400000000001,0.14829000000000001,-1.5150300000000001,1.4197200000000001,2.6783199999999998,-1.2585999999999999,-8.3674883100000006,5.5508816899999998,-13.918369999999999,-8.4250000000000005E-2,1.5339999999999999E-2,-9.9589999999999998E-2,-0.30232000000000098,2.7519999999999999E-2,-0.32984000000000102,-41.635179999999998,13.91438,-55.54956,-0.71809000000000001,0.29088999999999998,-1.00898,-40.917090000000002,13.62349,-54.540579999999999,0,0,0,11.93567,12.84835,-0.91268000000000005,-,-,-,-,-,-,54.942900000000002,-3.9719999999999998E-2,0,-3.9719999999999998E-2,54.982619999999997,-53.033549999999998,108.01617,55.697020000000002,-52.31915,108.01617,107.99036,-1.2220500000000001,-1.0823199999999999,-0.13972999999999999,-,-,-,-,-,-,109.21241000000001,68.979839999999996,40.232570000000003,-,-,-,-,-,-,2.2046399999999999,-3.6593300000000002,0,-3.6593300000000002,5.8639700000000001,2.7762099999999998,3.0877599999999998,0,0,0,-54.497979999999998,-47.43777,0,36.244909999999997,-8.9598899999999997,0,-51.714640000000003,-23.008150000000001,-7.0602099999999899,0,-27.47749,-20.682230000000001,0,51.886380000000003,-10.78687,0,-0.71440000000000003,0,-0.18,3.72,-4.2544000000000004,0,-59.979460000000003
1999.5,8.2774,1999Q3,100.56828,585.44257260999996,-484.87429261,113.09105,541.82951261000005,-428.73846261,124.97082786999999,470.72669064000002,-345.75586277000002,-11.87977787,71.102821969999994,-82.982599840000006,10.306325620000001,10.48739546,-0.18106984000000001,0,0,0,-13.41615,7.4617000000000004,-20.877849999999999,4.1092000000000004,33.950000000000003,-29.840800000000002,1.20346,4.7516400000000001,-3.5481799999999999,-4.2411700000000003,0.60292000000000001,-4.8440899999999996,-0.12701999999999999,4.0890000000000003E-2,-0.16791,-2.1529699999999998,0.17311000000000001,-2.3260800000000001,1.84449,2.8624900000000002,-1.018,-9.1253634899999998,10.548986510000001,-19.67435,-4.6329999999999899E-2,2.2689999999999998E-2,-6.9019999999999901E-2,-0.23424999999999899,0.20100000000000001,-0.43524999999999903,-40.581530000000001,14.253869999999999,-54.8354,-1.7704899999999999,0.34928999999999999,-2.11978,-38.811039999999998,13.904579999999999,-52.715620000000001,0,0,0,28.058759999999999,29.359190000000002,-1.30043,-,-,-,-,-,-,-60.1941500000001,-6.2619999999999995E-2,0,-6.2619999999999995E-2,-60.131530000000097,-202.75203999999999,142.62051,-17.753430000000101,-160.37394,142.62051,99.645169999999993,-0.37325999999999998,-0.27098,-0.10228,-,-,-,-,-,-,100.01843,71.709819999999993,28.308610000000002,-,-,-,-,-,-,-5.8769999999999998,-6.0730500000000003,0,-6.0730500000000003,0.19605,1.9737899999999999,-1.7777400000000001,0,0,0,-111.52160000000001,-153.92762999999999,0,-29.287269999999999,-17.871089999999999,0,-95.636529999999993,-11.13274,42.406030000000001,0,10.0694,4.6266699999999998,0,36.186369999999997,-8.4764099999999996,0,-42.378100000000003,0,-0.28000000000000003,2.5099999999999998,-44.6081,0,-40.3741300000001
1999.75,8.27873333333333,1999Q4,94.003523665853393,651.27317468000001,-557.26965101414601,116.820343665854,607.39095468000005,-490.57061101414598,104.787305635854,503.10030411999998,-398.31299848414602,12.03303803,104.29065056,-92.257612530000003,11.05849787,11.32723979,-0.26874192000000002,0,0,0,-14.928123599999999,8.7768700000000006,-23.704993600000002,10.006,37.904499999999999,-27.898499999999999,-1.6631499999999999,1.8281000000000001,-3.49125,-5.6146308999999999,0.35393999999999998,-5.9685708999999996,-0.78010999999999997,0.39312999999999998,-1.1732400000000001,-2.4822000000000002,0.19084999999999999,-2.6730499999999999,1.24953,2.3933599999999999,-1.1438299999999999,15.213664659999999,40.535720769999998,-25.322056109999998,-6.6410000000000094E-2,1.7579999999999998E-2,-8.3990000000000106E-2,3.99699999999997E-2,0.56935999999999998,-0.52939000000000003,-23.969889999999999,41.486600000000003,-65.456490000000002,-0.499670000000001,0.49768000000000001,-0.99735000000000096,-23.470220000000001,40.98892,-64.459140000000005,0,0,0,1.15307,2.3956200000000001,-1.24255,-,-,-,-,-,-,-33.587399000000097,-8.7389999999999995E-2,0,-8.7389999999999995E-2,-33.500009000000098,-143.00428500000001,109.504276,-4.62980900000007,-114.134085,109.504276,101.38625,-6.1323999999999996,-1.3253900000000001,-4.80701,-,-,-,-,-,-,107.51864999999999,81.550023999999993,25.968626,-,-,-,-,-,-,-73.165667999999997,-64.049009999999996,0,-64.049009999999996,-9.1166579999999993,1.37,-10.486658,0,0,0,-32.850391000000002,-43.952674999999999,0,61.167630000000003,-27.940200000000001,0,-35.47907,-41.701034999999997,11.102283999999999,0,-11.246499999999999,8.2928359999999994,0,38.474989999999998,-24.419042000000001,0,-28.870200000000001,0,0.13,2.64,-31.6402,0,-60.416124665853403
2000,8.27833333333333,2000Q1,36.522270525000202,558.38248139500001,-521.86021086999995,53.381055000000202,525.38400587000001,-472.00295087000001,61.745765760000197,449.79508843999997,-388.04932267999999,-8.3647107600000101,75.588917429999995,-83.953628190000003,10.025902629999999,10.03707932,-1.117669E-2,0,0,0,-13.534701200000001,7.66716,-21.2018612,3.0076350000000001,36.07,-33.062365,-0.25368000000000002,2.60412,-2.8578000000000001,-4.7296852999999999,0.31409999999999999,-5.0437852999999997,-8.1900000000000001E-2,2.1389999999999999E-2,-0.10329000000000001,-2.80958,0.15842000000000001,-2.968,1.0984799999999999,2.1440100000000002,-1.0455300000000001,-1.2749818900000001,16.062758110000001,-17.33774,-3.3110000000000001E-2,2.9760000000000002E-2,-6.2869999999999995E-2,0.22091,0.48011999999999999,-0.25921,-31.121214474999999,17.521305524999999,-48.642519999999998,-0.876,0.4461,-1.3221000000000001,-30.245214475000001,17.075205525000001,-47.320419999999999,0,0,0,14.26243,15.477169999999999,-1.2147399999999999,-,-,-,-,-,-,-37.877305524999997,-0.25524999999999998,0,-0.25524999999999998,-37.622055525,-160.07079552499999,122.44874,-17.215055525,-139.66379552500001,122.44874,65.401889999999995,-0.99117999999999995,-1.26593,0.27474999999999999,-,-,-,-,-,-,66.393069999999994,62.301797999999998,4.0912719999999902,-,-,-,-,-,-,2.9293200000000001,3.6293199999999999,0,3.6293199999999999,-0.7,0,-0.7,0,0,0,-85.546265524999995,-142.301935525,0,-81.455719999999999,-28.342649999999999,0,-47.135039999999996,14.631474474999999,56.755670000000002,0,-2.571E-2,6.4708800000000002,0,57.822929999999999,-7.5124300000000002,0,-20.407,0,0,1.04,-21.446999999999999,0,1.3550349999998501
2000.25,8.27846666666667,2000Q2,26.5572782590001,663.13522473900002,-636.57794648000004,73.773365959000103,626.95658143900005,-553.18321547999994,84.403150730000107,547.95623301000001,-463.55308228000001,-10.629784771000001,79.000348428999999,-89.630133200000003,11.545087369999999,11.55674507,-1.16577E-2,0,0,0,-17.485833599999999,8.3167000000000009,-25.8025336,8.6766889999999997,42.4,-33.723311000000002,-0.57067000000000001,1.5384899999999999,-2.1091600000000001,-5.9203359000000004,0.48575000000000002,-6.4060858999999999,-6.6360000000000002E-2,5.6370000000000003E-2,-0.12273000000000001,-1.9530000000000001,0.16416,-2.1171600000000002,1.21885,2.1662699999999999,-0.94742000000000004,-6.1787916410000001,11.581493359,-17.760285,-6.6989999999999994E-2,3.569E-2,-0.10267999999999999,0.17157,0.69867999999999997,-0.52710999999999997,-61.678007700000002,20.663043299999998,-82.341050999999993,-0.89295000000000002,0.46111999999999997,-1.3540700000000001,-60.785057700000003,20.201923300000001,-80.986981,0,0,0,14.461919999999999,15.515599999999999,-1.0536799999999999,-,-,-,-,-,-,12.5477177,7.9170000000000004E-2,7.9170000000000004E-2,0,12.4685477,-203.8339933,216.30254099999999,25.737447700000001,-190.5650933,216.30254099999999,98.688839999999999,1.4013599999999999,-1.8945099999999999,3.2958699999999999,-,-,-,-,-,-,97.287480000000002,92.684803000000002,4.6026769999999901,-,-,-,-,-,-,33.364919999999998,-1.1610799999999999,0,-1.1610799999999999,34.526000000000003,32.630000000000003,1.8959999999999999,0,0,0,-106.31631230000001,-190.80537330000001,0,-46.068129999999996,-22.08182,0,-83.518429999999995,-39.1369933,84.489061000000007,0,-0.38996199999999998,-0.17754399999999301,0,95.798060000000007,-10.741493,0,-13.2689,0,-0.55000000000000004,4.76,-17.478899999999999,0,-39.1049959590001
2000.5,8.2792,2000Q3,66.464361948664902,744.39602610575002,-677.93166415708504,93.494005493914898,699.37376265099999,-605.87975715708501,79.537558552914902,592.88187374999995,-513.34431519708505,13.956446940999999,106.491888901,-92.53544196,12.7797626,12.78777356,-8.0109599999999993E-3,0,0,0,-18.2403768,9.5293399999999995,-27.769716800000001,11.014200000000001,44.22,-33.205800000000004,-0.97230000000000005,1.55975,-2.5320499999999999,-6.5152891999999998,6.9600000000000798E-3,-6.5222492000000001,-0.11957,5.926E-2,-0.17882999999999999,-2.4115700000000002,0.57826999999999995,-2.9898400000000001,7.2419599999999997,8.5274800000000006,-1.28552,10.941530341,28.356635341,-17.415105000000001,-7.0220000000000005E-2,1.7409999999999998E-2,-8.763E-2,0.30831999999999998,0.84901000000000004,-0.54069,-44.27786354525,26.326203454750001,-70.604067000000001,-1.3107,0.55745999999999996,-1.86816,-42.967163545250003,25.768743454749998,-68.735906999999997,0,0,0,17.24822,18.696059999999999,-1.44784,-,-,-,-,-,-,-113.57211815475,-0.10174,0,-0.10174,-113.47037815474999,-218.93076045474999,105.46038230000001,-98.231278154750001,-203.69166045475001,105.46038230000001,96.217789999999994,7.5396900000000002,-0.77783999999999998,8.3175299999999996,-,-,-,-,-,-,88.678100000000001,85.988180999999997,2.6899190000000002,-,-,-,-,-,-,-43.40842,-46.445819999999998,0,-46.445819999999998,3.0373999999999999,1.69,1.3473999999999999,0,0,0,-151.04064815474999,-164.78553045474999,0,67.381230000000002,-110.07264000000001,0,-99.075185000000005,-23.01893545475,13.7448823,0,2.7999999999972502E-5,-34.517612,0,70.661332000000002,-22.398865700000002,0,-15.239100000000001,0,0,0,-15.239100000000001,0,47.107756206085199
2000.75,8.27753333333333,2000Q4,74.772243087053795,759.12405682475003,-684.35181373769603,67.210089332303696,679.20654740999998,-611.99645807769605,73.5101929023037,589.98771377000003,-516.47752086769594,-6.3001035699999903,89.21883364,-95.518937210000004,13.978596080000001,13.98815883,-9.5627500000000001E-3,0,0,0,-17.990564800000001,11.19647,-29.187034799999999,8.4746080000000195,39.619999999999997,-31.145392000000001,-2.12466,0.32077,-2.44543,-6.4708861999999998,0.27121000000000001,-6.7420961999999998,7.1455710000000103E-2,0.64101604000000001,-0.56956032999999995,-5.7084200000000003,0,-5.7084200000000003,2.3848699999999998,4.1762300000000003,-1.7913600000000001,0.75881763999999297,18.157278770000001,-17.398461130000001,-9.0899999999999995E-2,3.0159999999999999E-2,-0.12106,0.41698000000000002,0.81754000000000004,-0.40056000000000003,-9.5783262452499294,60.997989414750002,-70.576315659999906,-1.6952499999999999,0.55403000000000002,-2.2492800000000002,-7.8830762452499199,60.443959414749997,-68.327035660000007,0,0,0,17.14048,18.919519999999999,-1.77904,-,-,-,-,-,-,52.6399487015033,-7.5009999999999993E-2,0,-7.5009999999999993E-2,52.714958701503299,-83.515828593571797,136.230787295075,109.283958701503,-26.946828593571801,136.230787295075,114.52035097,-17.107639030000001,-1.92906903,-15.178570000000001,-,-,-,-,-,-,131.62799000000001,127.65644500000001,3.9715449999999799,-,-,-,-,-,-,-32.793137999999999,-69.097120000000004,0,-69.097120000000004,36.303981999999998,34.799999999999997,1.5039819999999999,0,0,0,27.556745731503302,59.257930436428197,0,-0.34682000000000801,-23.79936,0,100.129900561178,-16.725790124749999,-31.701184704924898,0,-0.12,4.3120370000000001,0,-41.958534404924897,6.0653126999999998,0,-56.569000000000003,0,-1.99999999999999E-2,-1.73,-54.819000000000003,0,-127.412191788557
2001,8.27803333333333,2001Q1,59.9441965863044,652.51520731749997,-592.571010731196,55.612864803804499,608.48043437000001,-552.86756956619502,59.908148066304499,522.07146952999994,-462.16332146369501,-4.2952832625000097,86.408964839999996,-90.704248102500003,12.872726220000001,12.887340740000001,-1.4614520000000001E-2,0,0,0,-14.8586828,10.629619999999999,-25.4883028,4.7072449999999897,39.299999999999997,-34.592754999999997,-1.28975,1.3369500000000001,-2.6267,-5.7190881999999998,0.21396999999999999,-5.9330581999999996,0.36043642749999999,0.49720400999999997,-0.13676758250000001,-3.25908,0.23468,-3.49376,0.49565999999999999,1.9347399999999999,-1.4390799999999999,1.75188009,18.406660089999999,-16.654779999999999,-5.7869999999999998E-2,3.1809999999999998E-2,-8.9679999999999996E-2,0.70123999999999997,0.93598999999999999,-0.23474999999999999,-12.382348217500001,25.940562947499998,-38.322911165000001,-1.3038700000000001,0.50200999999999996,-1.8058799999999999,-11.078478217500001,25.4385529475,-36.517031164999999,0,0,0,16.71368,18.09421,-1.38053,-,-,-,-,-,-,-48.091464848320904,-0.35282999999999998,0,-0.35282999999999998,-47.738634848320899,-242.35667484832101,194.61804000000001,58.391365151679103,-136.22667484832101,194.61804000000001,71.921000969999994,-2.5517990300000002,-2.02316903,-0.52863000000000004,-,-,-,-,-,-,74.472800000000007,69.204679999999996,5.2681199999999997,-,-,-,-,-,-,-25.71696,-93.944299999999998,0,-93.944299999999998,68.227339999999998,68.489999999999995,-0.26266,0,0,0,12.1873241816791,-39.730575818320901,0,-8.5472199999999994,43.168840000000003,0,-62.059799693320898,-12.292396125,51.917900000000003,0,2.5000000000000001E-3,-2.76058,0,79.0441,-24.368120000000001,0,-106.13,0,0,-3.4,-102.73,0,-11.8527317379835
2001.25,8.27703333333333,2001Q2,-8.9582677686954604,707.90414608749995,-716.86241385619496,46.708995803804598,665.06451490999996,-618.35551910619495,48.772001916304603,570.16272006999998,-521.39071815369505,-2.0630061124999601,94.901794839999994,-96.964800952499999,13.955366,13.96613687,-1.077087E-2,0,0,0,-17.777157200000001,10.605090000000001,-28.382247199999998,9.3870290000000196,45.48,-36.092970999999999,3.7840000000000103E-2,2.1315,-2.0936599999999999,-6.1294342999999998,0.51722999999999997,-6.6466643000000003,0.11013642749999999,0.24751401000000001,-0.13737758250000001,-5.13096,0.22670000000000001,-5.3576600000000001,0.18915999999999999,1.46227,-1.27311,2.7447839599999999,19.06309396,-16.31831,-7.3300000000000004E-2,4.2619999999999998E-2,-0.11592,0.62353000000000003,1.15964,-0.53610999999999998,-73.708633572500005,23.439711177500001,-97.148344750000007,0.71118000000000003,0.71118000000000003,0,-74.419813572500004,22.728531177499999,-97.148344750000007,0,0,0,18.041370000000001,19.399920000000002,-1.3585499999999999,-,-,-,-,-,-,82.126430641458697,0.14496999999999999,0.14496999999999999,0,81.981460641458696,-22.965969358541301,104.94743,131.571460641459,26.624030641458699,104.94743,111.25737903,-9.5251609699999999,0.38779902999999999,-9.91296,-,-,-,-,-,-,120.78254,115.639309,5.1432310000000001,-,-,-,-,-,-,-74.321759999999998,-23.338899999999999,0,-23.338899999999999,-50.982860000000002,-65.83,14.84714,0,0,0,94.635841611458702,59.4880916114587,0,-5.7229200000000002,51.538539999999998,0,-35.103894033541302,48.776365644999998,35.147750000000002,0,-1.2500000000000001E-2,-24.916840000000001,0,42.786450000000002,17.29064,0,-49.59,0,-0.03,0.35,-49.91,0,-73.168162872763205
2001.5,8.2769,2001Q3,50.046823075825998,759.82778126924995,-709.780958193424,75.595048896575904,715.25771526000005,-639.66266636342402,69.345200699075903,612.76790869000001,-543.42270799092398,6.2498481974999596,102.48980657,-96.239958372499999,16.674481449999998,16.696832740000001,-2.2351289999999999E-2,0,0,0,-18.757012799999998,12.03087,-30.787882799999998,17.159509,47.44,-30.280491000000001,0.31217,2.1529600000000002,-1.8407899999999999,-6.5940757000000003,0.66839000000000004,-7.2624656999999999,-0.1187635725,9.3164010000000103E-2,-0.21192758249999999,-4.5749399999999998,0.37601000000000001,-4.9509499999999997,-0.19536999999999999,1.58368,-1.77905,2.0797198200000002,20.269079820000002,-18.189360000000001,-2.7779999999999999E-2,0.10265000000000001,-0.13042999999999999,0.29191,1.0761700000000001,-0.78425999999999996,-46.821095820750003,21.753826009250002,-68.574921829999994,-3.5507,0.88305,-4.4337499999999999,-43.270395820749997,20.870776009250001,-64.141171830000005,0,0,0,21.272870000000001,22.816240000000001,-1.5433699999999999,-,-,-,-,-,-,-54.3600307598877,-0.16733999999999999,0,-0.16733999999999999,-54.192690759887697,-243.580140759888,189.38745,96.091944540112294,-93.295505459887707,189.38745,106.60500999999999,-0.70914999999999995,-0.76,5.0850000000000499E-2,-,-,-,-,-,-,107.31416,102.319512,4.99464799999999,-,-,-,-,-,-,-19.09836,-32.583950000000002,0,-32.583950000000002,13.48559,15.0138,-1.5282100000000001,0,0,0,8.5852945401122707,-60.002405459887697,0,4.9976900000000004,53.702159999999999,0,-111.618026273138,-7.08422918675,68.587699999999998,0,5.0136500000000002,-3.62426,0,64.97278,2.22553,0,-150.28463529999999,0,-0.50705999999999996,-0.51757529999999796,-149.26,0,4.3132076840617302
2001.75,8.27686666666667,2001Q4,73.019997922282997,785.49588255871095,-712.47588463642796,102.94529347709999,731.79744061894098,-628.85214714184099,103.80459468580401,623.84326175149704,-520.03866706569295,-0.85930120870403903,107.954178867444,-108.813480076148,17.442802369999999,17.456070050000001,-1.326768E-2,0,0,0,-15.49792532603,13.085006982969,-28.582932308998998,7.5779549999999896,45.7,-38.122045,0.77158949083400197,2.680529223972,-1.908939733138,-6.3942699790009998,0.87368385293600004,-7.2679538319369996,-0.135189588695,0.15287636841400001,-0.28806595710900001,-5.3146558193280002,0.26357082466800003,-5.5782266439960004,0.129496564905001,2.34509971597,-2.2156031510649998,0.26628982143001401,24.141309090686001,-23.875019269256001,-6.4290714171000005E-2,0.101874861947,-0.16616557611800001,0.35889697135199999,1.154157895882,-0.79526092452999897,-58.820506357203897,22.761702571276,-81.582208928479901,-1.398057283707,0.87866054855099995,-2.276717832258,-57.4224490734969,21.883042022725,-79.3054910962219,0,0,0,28.895210802386998,30.936739368493999,-2.041528566107,-,-,-,-,-,-,-105.171963223658,-0.160195060828,0,-0.160195060828,-105.01176816282999,-31.617691567979598,-73.394076594850006,62.234893764459798,135.62897035930999,-73.394076594850006,83.7755406384249,-56.067870766725001,-66.291478557938007,10.223607791213,-,-,-,-,-,-,139.84341140514999,133.255959207686,6.5874521974640503,-,-,-,-,-,-,-74.922214925703003,-56.675632925702999,0.31585999999999997,-56.991492925703,-18.246582,-9.1837999999999997,-9.0627820000000003,0,0,0,53.381568051737801,248.37247405173801,0,-22.865708222096,4.7260084217340097,0,215.80500878622601,50.707165065874001,-194.990906,0,-8.1796999999999898E-2,16.400857999999999,0,-211.22268399999999,-8.7283000000007299E-2,0,-167.24666192728901,0,1.87552126572001E-2,-3.2550171399466001,-164.0104,0,32.151965301374602
2002,8.2768,2002Q1,86.177605417055105,709.39310514345902,-623.215499726404,77.5826872070284,663.53827293390395,-585.95558572687503,86.166401565972393,567.80861829114497,-481.64221672517198,-8.5837143589439897,95.729654642759002,-104.31336900170299,13.93358928,13.93753323,-3.9439499999999999E-3,0,0,0,-15.534837851399001,10.365945839937,-25.900783691335999,2.8840460000000001,44.49,-41.605953999999997,0.88887195103700001,2.7480418635850001,-1.8591699125479999,-6.0213503461610003,0.31762077988600002,-6.3389711260470003,-8.0514446909999995E-2,0.128052472508,-0.20856691941800001,-6.7246574590590003,0.30053294390500002,-7.0251904029640002,-1.9955615541689999,2.0503223417430001,-4.0458838959119996,4.5977826316490003,21.035599083764001,-16.437816452115001,-5.2562635827E-2,4.8869953612999999E-2,-0.10143258944,-0.47851992810499999,0.30713613381799998,-0.78565606192299997,-17.265975271225201,18.3586188138488,-35.624594085074001,-1.317860139699,0.89689972039800003,-2.2147598600970002,-15.948115131526199,17.4617190934508,-33.409834224976997,0,0,0,25.860893481251999,27.496213395706,-1.635319914454,-,-,-,-,-,-,-23.288529685487401,-0.133718827496,0,-0.133718827496,-23.1548108579914,-97.596940196711401,74.442129338719994,129.52709191471899,55.084962575999199,74.442129338719994,91.646582380661002,-2.741567958059,-2.741567958059,0,-,-,-,-,-,-,94.388150338719996,74.229927787912004,20.158222550807999,-,-,-,-,-,-,-23.219726881635999,-23.974176881636001,0,-23.974176881636001,0.75444999999999995,0.72,3.4450000000000001E-2,0,0,0,61.100236415694198,81.800707415694205,0,6.0049066004240004,41.822906136085003,0,18.538358695814001,15.4345359833712,-20.700471,0,0.141454,-3.5974119999999998,0,-11.220599999999999,-6.0239130000000003,0,-152.681902772711,0,-0.1216952126572,1.8425924399466,-154.40280000000001,0,-62.889075731567701
2002.25,8.27696666666667,2002Q2,49.377651636482902,861.13661076329299,-811.75895912681005,85.614918077748897,802.61519947166903,-717.00028139391998,93.853508666672994,690.17268968386702,-596.31918101719396,-8.2385905889239606,112.442509787802,-120.68110037672599,16.193575119999998,16.195990559999998,-2.41544E-3,0,0,0,-19.697047147033,13.846864688091999,-33.543911835125002,5.3934630000000103,50.74,-45.346536999999998,0.50188363570700101,3.3834511270280001,-2.8815674913209999,-7.2313314505579998,0.63852543168499998,-7.869856882243,-0.14099868527100001,0.10420152567800001,-0.24520021094899999,-5.3437633942930001,0.43448285385399998,-5.7782462481470001,-0.76603550119400099,2.6637640273619998,-3.4297995285559999,3.0404051948599999,23.1644069227,-20.12400172784,-0.17134271511900001,5.3357502719999998E-2,-0.22470021783899999,-1.7398646023000001E-2,1.2174651486829999,-1.2348637947059999,-67.699595021435997,25.105231450672001,-92.804826472108005,-0.84023685024400097,1.3579151687990001,-2.1981520190429999,-66.859358171192,23.747316281873001,-90.606674453064997,0,0,0,31.462328580169999,33.416179840951997,-1.953851260782,-,-,-,-,-,-,-165.71163709872599,-0.110314621635,0,-0.110314621635,-165.601322477091,-245.048599901796,79.447277424704893,-6.8085224770911603,-86.255799901795996,79.447277424704893,135.48590480598801,-1.1749634153440001,-1.3777211109380001,0.202757695594,-,-,-,-,-,-,136.66086822133201,137.81747554079001,-1.156607319458,-,-,-,-,-,-,-46.806639556419,-40.301719556419002,0,-40.301719556419002,-6.5049200000000003,0.33,-6.8349200000000003,0,0,0,-95.487787726660102,-44.779116930032998,0,7.4290495251389999,-46.390453792462999,0,-1.9367425397740301,-3.88097012293498,-50.708670796627104,0,0.96435700000000302,-49.801181,0,13.4891442033729,-15.360991,0,-158.7928,0,-0.73,-6.48,-151.58279999999999,0,116.33398546224301
2002.5,8.27693333333333,2002Q3,66.969551256897802,964.66306499428299,-897.69351373738596,79.257875405150898,905.57624040266796,-826.31836499751705,73.094952528446896,781.16777653095005,-708.07282400250301,6.1629228767040001,124.408463871718,-118.245540995014,21.177756049999999,21.181489030000002,-3.7329799999999999E-3,0,0,0,-22.770106322242,15.937929668918001,-38.708035991160003,24.056915499999999,56.97,-32.913084499999997,0.91875094452999795,3.0640177937809998,-2.1452668492510001,-8.7943512711779999,0.43718025333400001,-9.2315315245120004,-0.215766442754,9.5591718704000003E-2,-0.31135816145799999,-7.9334564873440003,0.29829093695100001,-8.2317474242949995,-0.54997424467199796,3.7845209148590002,-4.3344951595310004,1.5121059944049899,21.857131662842001,-20.345025668437,-0.27382811925,0.113281208321,-0.38710932757099997,-0.96512272479100003,0.66903068400800003,-1.634153408799,-47.670450569569098,21.350115531393801,-69.020566100962895,-0.54302426001199999,1.9135508392759999,-2.456575099288,-47.127426309557102,19.436564692117798,-66.563991001674907,0,0,0,35.382126421316002,37.736709060221997,-2.3545826389059998,-,-,-,-,-,-,-27.3972669137951,-0.14574987978699999,0,-0.14574987978699999,-27.251517034008099,-197.44143026377799,170.18991322977001,134.80998296599199,-35.379930263778199,170.18991322977001,138.49353279663899,-0.77917809340399802,-0.842098827468998,6.2920734064999803E-2,-,-,-,-,-,-,139.27271089004299,127.372797260132,11.899913629911,-,-,-,-,-,-,-45.183855685217999,-44.753319685218003,0,-44.753319685218003,-0.43053599999999997,0,-0.43053599999999997,0,0,0,41.500305854570797,10.152567514843801,0,4.2470784163350004,8.7708385911279994,0,-22.516597939073002,19.651248446453799,31.347738339727002,0,0.71300799999999098,-14.251215,0,36.957562339726998,7.9283829999999904,0,-162.0615,0,-0.15,-3.32,-158.5915,0,-39.572284343102702
2002.75,8.2776,2002Q4,151.694873824898,1016.2267556627399,-864.53188183784096,131.37123195026501,958.29339642623995,-826.92216447597605,123.745004373784,828.60404960018604,-704.85904522640305,7.6262275764809999,129.68934682605399,-122.06311924957301,23.46333461,23.472289790000001,-8.9551800000000001E-3,0,0,0,-20.914964695036002,17.051336611338002,-37.966301306374,17.531411500000001,51.65,-34.118588500000001,0.51636801804600196,3.268972623966,-2.7526046059199998,-8.3209009540610008,0.69611690683799998,-9.0170178608989993,4.8955385582000001E-2,0.18224709844199999,-0.13329171285999999,-9.8099398609729995,0.29491647015599998,-10.104856331129,-0.83841680745199998,3.384137154721,-4.2225539621730004,5.5065233859239999,28.169151010939,-22.662627625014999,-0.16576420295200001,8.1232710400999997E-2,-0.246996913353,0.60962119740300102,1.438946449253,-0.82932525184999994,-16.8154603426349,18.628728532129202,-35.444188874764002,-6.4628260712001201E-2,2.5691542089560002,-2.6337824696680001,-16.750832081922901,16.059574323173202,-32.810406405096003,0,0,0,37.139102217267997,39.304630704369004,-2.1655284871010001,-,-,-,-,-,-,-215.76479785037901,-0.10653084922,0,-0.10653084922,-215.658267001159,-391.88020453752398,176.221937536365,65.876132998841399,-110.345804537524,176.221937536365,102.269671804518,-20.488365036976798,-3.997940482283,-16.490424554693799,-,-,-,-,-,-,122.758036841495,115.14369787235999,7.6143389691350398,-,-,-,-,-,-,11.785371605021,-11.915883394979,0,-11.915883394979,23.701255,21.44,2.2612549999999998,0,0,0,-48.178910410697902,-77.941556105567898,0,-42.543909776741998,-58.114490999467002,0,16.8950455041951,5.8217991664460103,29.762645694869999,0,1.0493570000000101,26.253568999999999,0,-10.73260830513,13.192328,0,-281.53440000000001,0,-0.43,-3.26,-277.84440000000001,0,64.069924025480901
2003,8.27776666666667,2003Q1,26.083536681576199,966.41522957416498,-940.33169289258899,-0.70789480238579505,889.11408032374095,-889.82197512612697,14.696675603863101,770.36962751665499,-755.67295191279197,-15.404570406249,118.74445280708601,-134.149023213335,20.380261789999999,20.38564229,-5.3804999999999999E-3,0,0,0,-23.483840070075999,15.911686635492,-39.395526705568003,2.925208,47.67,-44.744791999999997,0.31441208753200001,2.4775971520610001,-2.1631850645289998,-9.0892154119920008,0.61105461962200003,-9.700270031614,-3.3785260498E-2,0.156208090258,-0.18999335075599999,-11.639703085319001,0.27685675243000002,-11.916559837749,1.3054698295439999,3.9772679022789998,-2.6717980727350001,4.0439463768900001,26.414895311784001,-22.370948934893999,-5.9187522036000001E-2,7.3284040610999995E-2,-0.132471562647,-6.8137140294000004E-2,0.78996001254899995,-0.85809715284300003,-10.769873225971001,37.602726117717999,-48.372599343688996,0.17987173366100001,2.8083645763540002,-2.6284928426929999,-10.949744959632,34.794361541363998,-45.744106500995997,0,0,0,37.561304709932998,39.698423132705997,-2.1371184227729998,-,-,-,-,-,-,-127.323322326374,-0.120046442441,0,-0.120046442441,-127.203275883933,-282.492321045773,155.28904516183999,231.82122411606699,76.532178954226694,155.28904516183999,111.891960031427,-7.9571312799803904,-3.0808562401940001,-4.8762750397863899,-,-,-,-,-,-,119.84909131140699,111.338302753162,8.5107885582450091,-,-,-,-,-,-,-40.938938704145002,-44.183610704145003,0,-44.183610704145003,3.244672,4.9000000000000004,-1.6553279999999999,0,0,0,160.868202788785,128.67292093835201,0,-44.277011838885997,78.382623513835995,0,24.379087677635098,70.188221585766996,32.195281850432899,0,2.8793929999999999,14.012539,0,18.367639850432901,-3.0642900000000002,0,-359.02449999999999,0,-0.97,-1.29,-356.7645,0,101.239785644798
2003.25,8.27723333333333,2003Q2,82.281647207788893,1116.79102356259,-1034.5093763548,70.444810139928904,1040.25450833015,-969.80969819022198,86.173082713016996,935.18582930073296,-849.01274658771604,-15.728272573088001,105.06867902941801,-120.796951602506,21.536982909999999,21.54298606,-6.0031499999999996E-3,0,0,0,-23.18660326549,19.503596165647998,-42.690199431137998,-2.5264789999999899,25.64,-28.166478999999999,0.45426438272199898,3.5731179667880002,-3.1188535840660001,-10.202434522112,0.698294002543,-10.900728524654999,-0.10615594209400001,0.15157189303800001,-0.25772783513199998,-5.8641051710329997,0.26898389452499999,-6.1330890655579999,-0.37321875432000001,4.0085206701920004,-4.3817394245120003,5.0581158580859897,28.783328053020998,-23.725212194935001,-9.1260153568999997E-2,6.1328625040000001E-2,-0.152588778609,-0.42737891527799998,0.83695169862300001,-1.264330613901,-25.729324228222001,36.027588574443001,-61.756912802664999,-0.42170244239900001,2.2947828447740002,-2.7164852871730001,-25.307621785822999,33.732805729669003,-59.040427515491999,0,0,0,37.566161296082001,40.508926657994998,-2.9427653619130001,-,-,-,-,-,-,48.687207699118098,-0.106472346957,0,-0.106472346957,48.793680046075103,-116.233445037373,165.027125083448,211.19282004607501,46.165694962627001,165.027125083448,156.10606655052399,-1.6804417099887401,-0.94585240000500004,-0.73458930998373595,-,-,-,-,-,-,157.78650826051299,149.905987126724,7.8805211337889904,-,-,-,-,-,-,-1.992654356804,-5.4373253568040001,0,-5.4373253568040001,3.444671,2.63,0.81467100000000003,0,0,0,57.079407852354898,53.283462029419802,0,-7.4720256364950002,66.724790590411999,0,-13.5983867801912,7.6290838556939899,3.7959458229351002,0,2.8470520000000099,6.0693889999999504,0,-5.03859617706485,-8.1898999999999098E-2,0,-162.39913999999999,0,0.81,-0.41,-162.79913999999999,0,-130.96885490690701
2003.5,8.2772,2003Q3,85.501704196519995,1271.0053131929501,-1185.5036089964301,76.221753668289196,1188.0518029872301,-1111.8300493189399,77.869884566556195,1052.1427785293599,-974.27289396280503,-1.64813089826703,135.909024457866,-137.55715535613299,23.96845592,23.975840819999998,-7.3848999999999998E-3,0,0,0,-30.122349397204001,19.66637746028,-49.788726857484001,18.578271999999998,47.98,-29.401727999999999,3.7954283946000499E-2,3.307937370126,-3.2699830861799999,-11.800921967141001,0.840938113376,-12.641860080517,-0.18678795526200001,0.13244540646799999,-0.31923336173,-7.5691362359759999,0.38861597492400002,-7.9577522108999998,0.53394700636700099,3.851812263067,-3.3178652567000002,5.0898572492499996,34.776285206330002,-29.686427957079999,-6.6944183288999898E-2,7.5898477116999999E-2,-0.14284266040599999,-0.110477618958,0.91287336617799997,-1.0233509851360001,-36.252683114435001,34.595545272216,-70.848228386651002,0.187905753841,3.2769008882409998,-3.0889951344000002,-36.440588868276002,31.318644383974998,-67.759233252250993,0,0,0,45.532633642665999,48.357964933508001,-2.8253312908420001,-,-,-,-,-,-,-183.935072734214,-0.103337151934,0,-0.103337151934,-183.83173558228,-300.609462905881,116.777727323601,160.41126441771999,43.633537094119198,116.777727323601,89.990434572990694,6.6716844923737302,-1.0792506159890001,7.7509351083627296,-,-,-,-,-,-,83.318750080616994,82.298125388757001,1.0206246918599899,-,-,-,-,-,-,15.867566424135299,13.9307204241353,0,13.9307204241353,1.9368460000000001,4.17,-2.2331539999999999,0,0,0,54.553263420594298,23.0311321776102,0,34.304968029774003,7.5390090716270102,0,-18.091070549886801,-0.72177437390401,31.522131242984099,0,-0.71538099999999605,-2.4927019999998099,0,38.543966242983899,-3.813752,0,-344.24299999999999,0,-0.26,-1.04,-342.94299999999998,0,98.433368537693696
2003.75,8.27683333333333,2003Q4,236.64894052745899,1471.14266703864,-1234.4937265111801,212.25262165711101,1362.1621461750201,-1149.9095245179101,219.269407756432,1208.5630984987999,-989.29369074236797,-7.0167860993210001,153.599047676217,-160.61583377553799,26.29685052,26.334350109999999,-3.7499589999999999E-2,0,0,0,-26.471454261601,23.982421782094999,-50.453876043695999,3.2102789999999901,52.77,-49.559721000000003,0.257530584645,3.5378952356969999,-3.2803646510519999,-11.160971841046001,1.238332386193,-12.399304227239,-0.47891615402600002,1.0793201452279999,-1.558236299254,-9.3385340409790007,0.135332360767,-9.4738664017459993,1.3076965461200001,5.5682561360539999,-4.2605595899340001,9.8512573147569995,37.781216659028999,-27.929959344272,-0.143527932277,0.123920534412,-0.26744846668900002,-0.34699583491399999,1.048002326742,-1.3949981616560001,-29.433004421540598,52.721067516182003,-82.154071937722605,1.6775404119170001,4.4458960206310003,-2.7683556087140002,-31.110544833457599,48.275171495551,-79.385716329008602,0,0,0,53.829323291888002,56.259453347440001,-2.430130055552,-,-,-,-,-,-,-250.18186153020801,-0.150969150247,0,-0.150969150247,-250.03089237996099,-512.37697285687204,262.34608047691103,-54.2144723799614,-316.56055285687199,262.34608047691103,136.460076283288,2.84595491126024,-3.0685111093150002,5.9144660205752402,-,-,-,-,-,-,133.61412137202799,126.17830840151601,7.4358129705119804,-,-,-,-,-,-,141.4351848368,65.625014836800005,0,65.625014836800005,75.810169999999999,65.59,10.22017,0,0,0,-332.10973350005003,-385.031522604933,0,-48.076985533582999,-14.201270646246799,0,-7.3395402978058604,-315.41372612729702,52.921789104882897,0,2.4133369999999998,48.591078000000003,0,-4.6699738951171001,6.5873480000000004,0,-195.81641999999999,0,-0.48,1.85,-197.18642,0,13.5329210027496
2004,8.27693333333333,2004Q1,33.467357963973697,1302.87378802013,-1269.4064300561499,-39.493352028542603,1201.5417411582901,-1241.03509318683,-24.8045103236507,1055.5138952288301,-1080.31840555248,-14.688841704892001,146.02784592945801,-160.71668763435,22.96609059,22.972090680000001,-6.0000899999999996E-3,0,0,0,-28.769885221334,24.909335483511001,-53.679220704845001,2.8050262500000001,48.41,-45.604973749999999,1.5101526993800001,4.6170961478969996,-3.1069434485170002,-12.669230332079,0.91181814773400005,-13.581048479812999,-0.16384475133199999,0.19016148423400001,-0.35400623556600003,-8.2183866467520001,1.3435029111879999,-9.5618895579400007,3.0421689799279998,6.2697942910239997,-3.2276253110959998,5.52233045222399,35.586873492462999,-30.064543040238998,-0.54879978652700001,6.3868435463000001E-2,-0.61266822199000004,-0.16446393840000001,0.75330485594399998,-0.91776879434400005,22.1696996591144,47.998922120951001,-25.829222461836601,1.6158811014850001,4.7547594047989996,-3.1388783033140002,20.553818557629398,43.244162716151997,-22.690344158522599,0,0,0,50.791010333401999,53.333124740885999,-2.5421144074840001,-,-,-,-,-,-,-7.6362317539911597,-0.12876775884399999,0,-0.12876775884399999,-7.5074639951471598,-227.86388409794299,220.356420102795,367.60367600485301,147.24725590205699,220.356420102795,125.222734861706,-4.58349416658936,-3.7759748601040002,-0.80751930648535797,-,-,-,-,-,-,129.80622902829501,115.23797419994401,14.568254828351,-,-,-,-,-,-,167.51845481633001,152.17998381633001,0,152.17998381633001,15.338471,15.33,8.4709999999999994E-3,0,0,0,74.862486326817404,-0.34923374768302301,0,195.712237303432,-132.991275534024,0,-29.451007242698001,-33.619188274392997,75.211720074500505,0,4.079072,32.379573999999998,0,31.678059074500499,7.0750149999999996,0,-375.11113999999998,0,-0.35,3.0999999999999899,-377.86113999999998,0,-25.8311262099825
2004.25,8.27683333333333,2004Q2,58.121571642406899,1536.92744951746,-1478.8058778750501,56.128189377930099,1438.5121039857599,-1382.3839146078301,60.903146451007203,1274.3953071897099,-1213.4921607387,-4.7749570730769602,164.11679679605299,-168.89175386913001,26.40044425,26.402620939999998,-2.1766899999999998E-3,0,0,0,-33.532361381142003,27.673183085554999,-61.205544466696999,12.747477,58.06,-45.312522999999999,0.46078394351899998,3.4962172527840001,-3.0354333092650001,-14.292181639459001,0.96958440029799997,-15.261766039756999,-1.4492776032999999E-2,0.182768011497,-0.19726078753000001,-8.9631839763339993,0.39733836238699999,-9.3605223387209993,0.82374587077800099,4.3621620987269996,-3.5384162279489999,12.326595250106999,41.585396042174999,-29.258800792068001,-0.44774834381400003,0.10922810183700001,-0.55697644565100002,-0.28403527069899998,0.87829850079299998,-1.1623337714919999,-46.033592215573002,46.929441982303999,-92.963034197876993,0.60247516809699897,4.0923823313219998,-3.4899071632249998,-46.636067383670003,42.837059650981999,-89.473127034651995,0,0,0,48.026974480050001,51.485903549389,-3.4589290693389998,-,-,-,-,-,-,-19.678217463716699,-0.14203839920799999,0,-0.14203839920799999,-19.536179064508701,-553.98656458449398,534.45038551998505,300.50268093549101,-233.94770458449401,534.45038551998505,179.018394931172,-6.1385186633139304,-4.0391669881630001,-2.0993516751509298,-,-,-,-,-,-,185.15691359448601,167.55445113743599,17.602462457049999,-,-,-,-,-,-,109.962670698994,57.613329698993702,0,57.613329698993702,52.349341000000003,52.21,0.13934099999999999,0,0,0,11.521615305325501,-285.42251562017401,0,-3.6254071723860002,-74.043757787133998,0,-103.88899275730201,-103.864357903352,296.944130925499,0,8.6823529999999796,157.081086,0,129.63194092549901,1.548751,0,-320.03886,0,-0.109999999999999,1.4500000000000099,-321.37885999999997,0,-38.4433541786902
2004.5,8.2767,2004Q3,172.66507605810401,1715.34115595406,-1542.6760798959599,139.622444473521,1604.1743945723299,-1464.55195009881,155.99893607084499,1418.5653922937499,-1262.5664562229099,-16.376491597324002,185.609002278584,-201.98549387590799,29.82886895,29.836935950000001,-8.0669999999999995E-3,0,0,0,-34.925628113776,30.603374228143,-65.529002341918996,8.4903510000000004,62.77,-54.279648999999999,-0.979565606586001,2.9405802046349998,-3.9201458112209999,-15.317190828087,0.92624952242000003,-16.243440350507001,-0.27517230623400002,0.17702244338699999,-0.45219474962099998,-12.642248447624,0.39805094901799998,-13.040299396642,0.21438764257699799,5.3194451654929997,-5.1050575229159998,9.7554778330089906,51.427756900154002,-41.672279067144999,-8.7424281665999901E-2,0.144330291971,-0.231754573637,-0.43834743893700001,1.0652566233630001,-1.5036040623,-21.483812763517101,52.069052910952003,-73.552865674469103,1.2778593458759999,4.786164679483,-3.5083053336069998,-22.7616721093931,47.282888231469002,-70.044560340862105,0,0,0,54.5264443481,59.097708470775999,-4.5712641226760002,-,-,-,-,-,-,-334.56960424936801,-0.31378753387300001,0,-0.31378753387300001,-334.25581671549497,-441.90828536823898,107.65246865274401,71.724183284505301,-35.928285368238697,107.65246865274401,125.32033343159399,-4.7699552211502398,-3.651092098091,-1.1188631230592401,-,-,-,-,-,-,130.09028865274399,120.896765695547,9.1935229571970396,-,-,-,-,-,-,-75.3678708776864,-92.8596138776864,0,-92.8596138776864,17.491743,7.5299999999999896,9.9617430000000002,0,0,0,21.771720730597998,61.701283730597901,0,0.84651114428500196,-35.234432449445002,0,-9.9090000000000007,105.99820503575801,-39.929562999999902,0,-0.37961600000002399,-46.005339999999897,0,10.32,-3.8646069999999999,0,-405.98,0,-0.23000000000000101,0.32,-406.07,0,161.90452819126301
2004.75,8.2765,2004Q4,425.155601221133,1967.2649161301799,-1542.10931490905,355.48654357659598,1829.34110153078,-1473.8545579541901,321.80485473584503,1600.02564456858,-1278.2207898327399,33.681688840751697,229.315456962203,-195.633768121451,32.966500979999999,32.969914320000001,-3.41334E-3,0,0,0,-27.534785743653998,37.489036168422999,-65.023821912076997,35.973117250000001,88.15,-52.176882749999997,0.29525302535999998,3.6209920068139998,-3.3257389814540002,-15.149312547532,1.0001729319570001,-16.149485479489002,1.199879947E-2,0.38949882317700002,-0.37750002370699998,-12.778636303157,0.22470035952100001,-13.003336662678,0.55227494085375095,5.9306298219577496,-5.3783548811040003,20.247712500009001,58.359890302887997,-38.112177802879003,-0.264407346983,9.2499082252000001E-2,-0.35690642923499999,-0.63802671361499996,1.088123145213,-1.726149858828,-5.9683993260409904,58.577202593128,-64.545601919169002,2.8256960850609998,6.5102818473540003,-3.6845857622930001,-8.7940954111019796,52.066920745773999,-60.861016156875998,0,0,0,75.637456970577006,79.346612006270007,-3.7091550356930001,-,-,-,-,-,-,-457.19413634222599,-0.108859392165,0,-0.108859392165,-457.08527695006097,-692.45221868322096,235.36694173315999,342.384723049939,107.01778131677899,235.36694173315999,171.885241450606,-4.1417572825529998,-4.4908402852259997,0.34908300267300002,-,-,-,-,-,-,176.02699873315899,160.17777287946299,15.849225853696,-,-,-,-,-,-,-4.6772387171678496,-51.5320387171679,0,-51.5320387171679,46.854799999999997,34.161999999999999,12.6928,0,0,0,175.1767203165,162.6915773165,0,9.1334513575780001,64.514631896563998,0,-15.721,104.764494062358,12.485143000000001,0,3.2283979999999799,-30.616993000000001,0,14.32,25.553737999999999,0,-799.47,0,-0.92,-9.0000000000005798E-2,-798.46,0,32.038535121093702
2005,8.2765,2005Q1,238.36189754593801,1722.2487528689001,-1483.88685532297,211.136747999303,1591.6711711164801,-1380.53442311718,212.56618459581401,1406.01654802239,-1193.45036342657,-1.42943659651104,185.65462309409099,-187.084059690602,28.627250620000002,28.639624489999999,-1.237387E-2,0,0,0,-28.329065655613999,32.940200238948002,-61.269265894561997,18.091799999999999,66.5,-48.408200000000001,0.99077787076799995,4.0192072929989999,-3.028429422231,-14.016865079053,1.375651932085,-15.392517011138001,-0.11029453797,0.228968222641,-0.33926276061100002,-13.045306833749001,0.30824221039100003,-13.353549044139999,-1.524749933072,5.1523211067489996,-6.6770710398209996,9.4311954310859996,45.280319970449,-35.849124539362997,-0.23246420213800001,0.18566135471799999,-0.418125556856,-1.311714276769,1.024426275111,-2.3361405518799998,-22.321996434429,74.927570074656998,-97.249566509085994,3.6287301251809998,7.4430817134560003,-3.8143515882750001,-25.950726559610001,67.484488361201002,-93.435214920811006,0,0,0,49.547145981064197,55.650011677767999,-6.10286569670376,-,-,-,-,-,-,-337.28837857940403,9.9789237815200007,10.1159,-0.13697621847999999,-347.26730236092402,-650.38189113592398,303.11458877500002,242.72620763907599,-60.388381135923701,303.11458877500002,167.448236317132,-21.297231398384302,-17.813864271042998,-3.4833671273412898,-,-,-,-,-,-,188.74546771551601,171.37957036158301,17.365897353933001,-,-,-,-,-,-,-23.225396176794,-30.097796176793999,0,-30.097796176793999,6.8723999999999998,7.8479999999999999,-0.97560000000000002,0,0,0,98.503367498738598,-8.9933535607453905,0,6.9344199775620003,57.755852944974997,0,-84.109321792585007,10.425695309302601,107.496721059484,0,0.169120236307615,38.840049999999998,0,57.3475075715603,11.140043251616,0,-589.99351000000001,0,7.0000000000000298E-2,5.1100000000000003,-595.17350999999996,0,98.926481033465805
2005.25,8.2765,2005Q2,294.221884444522,2046.0746179359401,-1751.8527334914099,290.23387575798398,1889.13779192277,-1598.90391616479,284.158925539704,1683.7442356763199,-1399.5853101366099,6.0749502182800397,205.393556246456,-199.31860602817599,32.000072940000003,32.007654430000002,-7.5814899999999998E-3,0,0,0,-31.699162380973,37.733055745000001,-69.432218125972994,25.113592319999999,75.709999999999994,-50.596407679999999,2.1323703090160002,5.8478986898630003,-3.7155283808470001,-16.653047808455,0.99709339331900004,-17.650141201774002,-4.2680351616999901E-2,0.26686500615999997,-0.30954535777699999,-12.445013431750001,0.27771150969500003,-12.722724941445,-4.7461498437002099E-2,5.5976546322859999,-5.6451161307230002,7.5020204467770197,45.568225529084998,-38.066205082308002,-9.2932890339000096E-2,0.18002257741800001,-0.27295546775700003,0.30719256405799999,1.20737473363,-0.90018216957200003,-62.627559415058997,80.868930135748002,-143.49648955080701,4.1771653421619996,8.2817235562890001,-4.1045582141269996,-66.804724757220995,72.587206579458993,-139.39193133667999,0,0,0,66.615568101597205,76.067895877417001,-9.4523277758197608,-,-,-,-,-,-,-432.123581203404,11.561006824612001,11.68261,-0.121603175388,-443.68458802801598,-965.26502548189603,521.58043745387999,319.21634197198398,-202.36409548189599,521.58043745387999,255.585623639913,-20.1017143670942,-21.862167912501,1.7604535454068,-,-,-,-,-,-,275.68733800700699,240.613452979176,35.073885027830997,-,-,-,-,-,-,15.796286155852,-54.483053844148003,0,-54.483053844148003,70.279340000000005,67.171999999999997,3.1073400000000002,0,0,0,47.834432176219202,-127.77932727065399,0,-4.5319490960489999,-79.873799884910994,0,-47.427991999999797,4.0544137103055498,175.61375944687299,0,48.630233438120001,56.493696999999997,0,44.038199299999697,26.4516297087537,0,-762.90093000000002,0,0.149999999999999,0.55000000000000004,-763.60092999999995,0,137.901696758882
2005.5,8.0992,2005Q3,334.94071840426,2214.1164990371099,-1879.1757806328501,330.89408840931497,2057.3619035740398,-1726.4678151647299,346.77652301550103,1838.0849756933401,-1491.30845267784,-15.882434606186999,219.27692788069999,-235.15936248688701,35.342680790000003,35.356058609999998,-1.337782E-2,0,0,0,-35.105089379363001,39.548076937476999,-74.65316631684,8.3891679650000306,77.680000000000007,-69.290832034999994,2.7475370177070002,7.3683874498120003,-4.6208504321049997,-18.185497194060002,1.0466534441799999,-19.23215063824,-0.20907991510599999,0.23093748994300001,-0.440017405049,-13.883530825563,0.44761898486200002,-14.331149810425,2.1475440312649998,6.6283336274440003,-4.4807895961790001,2.5698912586859999,48.893732971831,-46.323841713145001,0.36180355452500002,0.80695826532299997,-0.44515471079800001,-5.7861909278000397E-2,1.2701700998280001,-1.3280320091060001,-59.216717474997097,84.563821253846996,-143.78053872884399,3.8346529926609998,8.6384497484950007,-4.803796755834,-63.051370467658003,75.925371505352004,-138.97674197301001,0,0,0,63.263347469942303,72.190774209216002,-8.9274267392737592,-,-,-,-,-,-,-231.59934918356799,9.7526914357459997,9.9169400000000003,-0.164248564254,-241.35204061931401,-608.64856039906999,367.29651977975601,333.29179938068597,-34.004720399070102,367.29651977975601,247.087637430033,-4.1204431554573997,-6.4228184655789997,2.3023753101216,-,-,-,-,-,-,251.20808058548999,217.905710947724,33.302369637765999,-,-,-,-,-,-,81.451425627294,38.171425627293999,0,38.171425627293999,43.28,35.28,8,0,0,0,4.7527363233595699,-68.0557028709067,0,24.469288864917999,-61.422022998732999,0,-37.547526797481503,6.4445580603898396,72.808439194266199,0,15.7062578842813,9.1940229999999694,0,24.5549732027403,23.353185107244698,0,-574.64383999999995,0,-0.17,7.32,-581.79384000000005,0,-103.341369220692
2005.75,8.07713333333333,2005Q4,456.26043726927202,2421.02707485164,-1964.7666375823701,414.00326300549898,2195.2191873565598,-1781.21592435106,399.37434452025099,1962.4454828154101,-1563.0711382951599,14.628918485247899,232.773704541147,-218.144786055899,37.095862320000002,37.105383240000002,-9.5209200000000004E-3,0,0,0,-35.137948646494003,44.043899118376999,-79.181847764870994,23.774738011599901,73.069999999999993,-49.2952619884,3.8649835669599999,8.6939917217240001,-4.8290081547639998,-17.646005555862999,2.0747766661910001,-19.720782222054002,0.21961128930400001,0.72554324963399996,-0.50593196032999999,-12.264669684636001,0.54044515282200001,-12.805114837457999,0.44538327278900097,5.8758425355249999,-5.430459262736,14.733688539487,59.033236413400999,-44.299547873914001,-0.23736166531299999,0.165946069896,-0.40330773520899998,-0.21936296258600099,1.4446403735769999,-1.664003336163,-16.971757701755902,152.368014106792,-169.33977180854799,3.55593293529,9.0073632747219996,-5.4514303394320001,-20.5276906370459,143.36065083207001,-163.888341469116,0,0,0,59.228931965528297,73.439873388292995,-14.210941422764799,-,-,-,-,-,-,-551.98718329758503,9.7253024951999993,9.8360199999999995,-0.11071750480000001,-561.71248579278495,-1127.65432198399,565.94183619120395,17.238204207214899,-548.703631983989,565.94183619120395,233.669778255138,-91.776274107701198,-45.617394155722003,-46.158879951979202,-,-,-,-,-,-,325.446052362839,286.657941510135,38.788110852704001,-,-,-,-,-,-,-121.120687328976,-215.159468470132,0,-215.159468470132,94.038781141156406,95.39,-1.3512188588436,0,0,0,-95.310886718947401,-241.76788940615501,0,-130.045176371015,-46.144228109906997,0,-59.967969116468801,-5.6105158087647196,146.45700268720799,0,98.205840220238997,-51.180274791590001,0,128.17455754482799,-28.7431202862691,0,-578.95069000000001,0,-9.9999999999999603E-2,6.31,-585.16069000000005,0,95.7267460283133
2006,8.04003333333333,2006Q1,339.57280276831301,2184.2021807659198,-1844.6293779976099,278.767397430865,2005.0389068745901,-1726.2715094437201,299.05721199951898,1803.89674202577,-1504.83953002625,-20.289814568653998,201.142164848817,-221.43197941747101,31.514916589999999,31.52890133,-1.3984740000000001E-2,0,0,0,-37.497629280361998,37.091918242121999,-74.589547522483997,12.75057,68.42,-55.669429999999998,2.3256438204049998,6.7432655054839996,-4.4176216850790002,-17.580365759511,1.2561491142929999,-18.836514873803999,-0.12431592494471901,0.328836490160751,-0.45315241510547,-15.685150139647,0.52473132399599998,-16.209881463643001,-0.515891672961999,7.111039466557,-7.6269311395189998,4.3093742432947097,46.507778697183703,-42.198404453888998,0.17598990988999999,0.32959652227899999,-0.153606612389,3.70436451829999E-2,1.2999481567419999,-1.2629045115590001,-9.1039932624269695E-2,109.542503400301,-109.633543332926,3.4018544521899998,8.9606601053529999,-5.5588056531629997,-3.4928943848142602,100.581843294948,-104.074737679763,0,0,0,60.896445270072498,69.620770491027997,-8.7243252209554996,-,-,-,-,-,-,-397.440281800197,8.8504444372479991,9.0007199999999994,-0.15027556275199999,-406.29072623744503,-770.01121313149497,363.72048689405102,277.31666376255498,-86.4038231314954,363.72048689405102,215.476135691916,-40.2112896068015,-33.8906459206165,-6.3206436861849999,-,-,-,-,-,-,255.68742529871801,225.03965220479,30.647773093927999,-,-,-,-,-,-,-153.688442016198,-172.82944201619799,0,-172.82944201619799,19.140999999999998,19.140999999999998,0,0,0,0,215.52897008683701,126.636908491504,0,62.799555604119,107.822683907185,0,-44.484504086049697,0.49917306624977598,88.892061595332706,0,27.881071560722201,3.5668944521899499,0,38.270469252431397,19.173626329989101,0,-683.60739000000001,0,-0.869999999999999,1.61,-684.34739000000002,0,57.867479031883903
2006.25,8.01013333333333,2006Q2,474.040275271273,2578.1209667330199,-2104.0806914617501,464.30173787978998,2374.6126693937799,-1910.31093151399,454.97815654879997,2127.0817702550798,-1672.1036137062799,9.3235813309897502,247.530899138698,-238.20731780770799,34.208469030000003,34.224106470000002,-1.5637439999999999E-2,0,0,0,-27.238807501034501,56.703314610879502,-83.942122111914003,19.18243,78.41,-59.22757,1.072936984547,6.3220453691460001,-5.2491083845990003,-19.936836595812998,1.5812173003450001,-21.518053896158001,-0.28017925688871897,0.33450882886075101,-0.61468808574946998,-16.213030417936999,0.41829810712900001,-16.631328525065999,4.4874809657119998,8.9089336753620003,-4.4214527096499996,13.870975779484001,59.124815791419003,-45.253840011934997,-0.131513910368,0.194383988684,-0.32589789905200001,0.301656253288,1.309274996873,-1.0076187435849999,-59.991072057798299,124.540157549212,-184.53122960701,4.6394418359460001,10.451722451794,-5.8122806158479996,-64.630513893744293,114.088435097418,-178.71894899116199,0,0,0,69.729609449282506,78.968139790026001,-9.2385303407435,-,-,-,-,-,-,-506.49896977394098,10.629943611963,10.83999,-0.21004638803699999,-517.12891338590396,-934.47583999709695,417.34692661119198,229.33275661409601,-188.01416999709701,417.34692661119198,196.77978214175801,-23.326542506526,-12.547246816915999,-10.779295689610001,-,-,-,-,-,-,220.10632464828399,187.54329597481799,32.563028673466,-,-,-,-,-,-,-137.14569167623799,-273.50569167623797,0,-273.50569167623797,136.36000000000001,136.36000000000001,0,0,0,0,169.698666148575,108.818064185667,0,-25.211250544197,75.524692597292002,0,16.48,42.024622132572198,60.880601962908301,0,33.9093866883888,-17.904763580600001,0,21.91,22.965978855119499,0,-746.46167000000003,0,-0.52000000000000102,1.0900000000000001,-747.03166999999996,0,32.458694502667903
2006.5,7.94406666666667,2006Q3,605.35417716388304,2877.5602850407899,-2272.2061078769102,550.61896771443799,2671.1092674411998,-2120.49029972677,564.90409152590303,2407.0668348947002,-1842.16274336879,-14.285123811464899,264.042432546508,-278.32755635797201,38.501367100000003,38.505410400000002,-4.0432999999999997E-3,0,0,0,-40.052190114847498,53.352598497295503,-93.404788612142994,17.404225,83.47,-66.065775000000002,0.60901286306000102,5.884611081489,-5.2755982184289998,-22.648536512271999,1.2997092968840001,-23.948245809155999,-0.489793951692718,0.209534477186751,-0.69932842887947,-17.516309788646002,0.54507916855500005,-18.061388957201,4.2863055192920001,10.451192133839999,-6.1648866145480001,5.27768925886829,68.586181513578296,-63.308492254710004,0.132686582001,0.53710974304400005,-0.40442316104300002,0.21042023277199901,1.2010062346349999,-0.99058600186300005,-10.837951730363301,132.106871383411,-142.94482311377499,4.6301694747219999,10.553403013076,-5.9232335383540002,-15.4681212050853,121.553468370335,-137.02158957542099,0,0,0,65.573161179808494,74.344146216172007,-8.7709850363635002,-,-,-,-,-,-,-740.39761975408805,9.8011768987490004,10.087479999999999,-0.286303101251,-750.19879665283702,-1083.28000901928,333.08121236644399,-46.476596652836797,-379.55780901928,333.08121236644399,128.43497344401499,-75.367599078130496,-47.398561763526502,-27.969037314604002,-,-,-,-,-,-,203.802572522145,179.50438535599,24.298187166155,-,-,-,-,-,-,-186.501206651632,-232.08020665163201,0,-232.08020665163201,45.579000000000001,45.579000000000001,0,0,0,0,11.5896365547807,-72.110003289517806,0,-71.254801626459994,7.4555543523410002,0,-15.122840588714,6.8120845733151896,83.699639844298503,0,40.421923051869499,53.675900807059698,0,3.1290701574495201,-13.5272541720802,0,-703.72220000000004,0,-0.16,0.02,-703.58219999999994,0,135.04344259020499
2006.75,7.83993333333333,2006Q4,899.46315544066704,3138.83860540655,-2239.3754499658799,795.501141980836,2866.5530338953399,-2071.0518919145102,748.80874039668697,2549.4457008607001,-1800.6369604640199,46.6924015841496,317.10733303463701,-270.41493145048702,40.219101379999998,40.235722199999998,-1.6620820000000001E-2,0,0,0,-28.748778885174801,63.005020264120702,-91.753799149295503,46.935731920000002,109.19,-62.254268080000003,3.0215906860940001,8.5764688633525399,-5.5548781772585496,-22.5956706216047,1.4124567176509999,-24.008127339255701,-6.5661310681948901,0.58137205498484201,-7.1475031231797299,-14.881282001776301,0.55692925266954596,-15.4382112544458,3.668679267086,10.4846519077545,-6.8159726406685399,25.482844121418299,80.774850835321004,-55.292006713902701,-1.7626496281272601E-2,0.31324168032127298,-0.33086817660254503,0.173943282583364,1.97661925846164,-1.80267597587827,19.486214361960101,179.44232495795001,-159.95611059599,7.2235321993327304,13.2291405177108,-6.0056083183780897,12.262682162627399,166.21318444024001,-153.950502277612,0,0,0,84.475799097870294,92.843246553254005,-8.3674474553836795,-,-,-,-,-,-,-710.37410015851106,10.9195817093619,11.096579999999999,-0.176998290638091,-721.29368186787303,-1731.4970305541499,1010.20334868627,-7.32028186787295,-1017.52363055415,1010.20334868627,460.80748023198601,-100.41655348392401,-56.720517300965902,-43.696036182958601,-,-,-,-,-,-,561.22403371591099,524.28345576811603,36.940577947793997,-,-,-,-,-,-,-206.82981051629099,-434.36181051629097,-14.54,-419.82181051629101,227.53200000000001,227.53200000000001,0,0,0,0,-261.29795158356802,-482.74526655393203,0,-91.216384448730494,-147.60849803670899,0,-218.35715941128601,-25.563224657206302,221.447314970364,0,9.7759878738975008,66.150566988558793,0,68.960929842550499,76.559830265357405,0,-713.97339999999997,0,3.3588,0.38090000000000002,-717.71310000000005,0,-189.08905528215601
2007,7.74786666666667,2007Q1,666.24451936779701,2845.9526447688399,-2179.70812540104,560.16306971669701,2610.3488189069799,-2050.1857491902902,544.93714880089794,2312.4199408092099,-1767.4827920083101,15.2259209157989,297.92887809777898,-282.70295718198003,45.279689249999997,45.316157140000001,-3.6467890000000003E-2,0,0,0,-25.1445753967641,62.603111434731403,-87.7476868314955,10.004887075999999,82.97,-72.965112923999996,3.6294185680545401,8.8991218662056806,-5.26970329815114,-19.4603504313136,3.0904195897147702,-22.550770021028399,-0.120059283665396,0.45084204526424698,-0.57090132892964396,-17.662811346981801,0.469121847319318,-18.131933194301102,4.3291598193613599,12.464977665619299,-8.1358178462579502,14.386127363225,79.3588367564046,-64.9727093931795,0.124052642802273,0.40362481483977303,-0.27957217203750001,-0.13961734491931799,1.9026649376795499,-2.04228228259886,32.974565664020503,151.08466079918799,-118.110095135167,7.9320462559795404,14.5278462692466,-6.5958000132670396,25.042519408040999,136.55681452994099,-111.51429512190001,0,0,0,73.106883987080195,84.519165062670496,-11.4122810755903,-,-,-,-,-,-,-937.37375480058995,8.5146468441840906,8.8928522727272696,-0.37820542854318201,-945.88840164477404,-1429.8379491071,483.949547462331,493.214046355226,9.2644988928950092,483.949547462331,255.765859201018,-40.552749892579499,-21.283639244833001,-19.269110647746601,-,-,-,-,-,-,296.31860909359801,255.96538073045201,40.353228363145497,-,-,-,-,-,-,-126.164091368184,-141.916091368184,-7.7130000000000001,-134.203091368184,15.752000000000001,15.752000000000001,0,0,0,0,363.61227852239199,191.73334015365899,0,142.01429089826399,105.113395235797,0,-63.810106901029499,8.4157609206278501,171.878938368733,0,86.493068851603297,15.440909723339701,0,45.533162176332098,24.4117976174579,0,-1439.1024480000001,0,0.30256,1.5915919999999999,-1440.9965999999999,0,271.129235432793
2007.25,7.6555,2007Q2,865.505668658177,3322.5746719480198,-2457.0690032898401,770.92136165557099,3040.4317952802799,-2269.51043362471,762.12015256848599,2723.8837117763601,-1961.76355920788,8.8012090870852795,316.54808350391897,-307.74687441683398,46.563594620000003,46.624294509999999,-6.0699889999999999E-2,0,0,0,-23.335635435405599,72.9431707542808,-96.278806189686406,23.414887075999999,96.38,-72.965112923999996,2.5605967142625001,9.8864680498784097,-7.3258713356159104,-23.9015630521864,1.7370256451636401,-25.638588697349999,-2.0679352247769498,0.31321391130742898,-2.3811491360843799,-20.674575375978399,0.67990183444659102,-21.354477210424999,6.6372959979295496,12.9384424969693,-6.3011464990397696,-0.71336543238331296,72.825051874024993,-73.538417306408306,0.186430056492046,0.52337890330681802,-0.336948846814773,0.13147914313181799,1.6971355245409101,-1.56565638140909,1.42790058698347,176.27041288427199,-174.84251229728901,9.2368990062749994,15.202146068045501,-5.9652470617704498,-7.8089984192915596,161.06826681622701,-168.877265235518,0,0,0,93.156406415622001,105.872463783464,-12.7160573678416,-,-,-,-,-,-,-702.16963380122297,6.1311759501215901,6.7460795454545499,-0.61490359533295502,-708.30080975134501,-1342.58791166066,634.28710190931304,573.33535606065504,-60.951745848657303,634.28710190931304,342.60531788416199,-33.589647733597701,-16.191212950721599,-17.398434782876102,-,-,-,-,-,-,376.19496561775998,342.81495376904797,33.380011848712499,-,-,-,-,-,-,77.906172418928506,-8.5437375810715306,-42.627000000000002,34.083262418928499,86.449910000000003,86.449910000000003,0,0,0,0,152.82386575756399,-18.818360533988098,0,-54.573205225626801,17.237749913104501,0,4.6601069010296197,13.856987877504601,171.64222629155199,0,61.115454606660798,86.488984276660503,0,25.786837823667799,-1.7490504154367199,0,-1281.6361658119999,0,-0.66497547600000295,0.60180966399999802,-1281.5730000000001,0,-163.33603485695301
2007.5,7.54116666666667,2007Q3,984.786275326583,3744.1621382354101,-2759.3758629088302,835.18039474056502,3406.92639183551,-2571.7459970949499,826.34702422848795,3051.4490295099499,-2225.1020052814602,8.8333705120777495,355.47736232556099,-346.64399181348301,51.189378040000001,51.204602420000001,-1.5224379999999999E-2,0,0,0,-24.879144014546799,84.9704331521055,-109.849577166652,22.154875277999999,99.62,-77.465124721999999,10.031596349886399,17.8615397893454,-7.8299434394590897,-26.223672994954502,2.0052128721079501,-28.228885867062498,-0.23975068450697901,0.443781047750611,-0.68353173225759001,-18.069368571153401,1.1867435664159101,-19.2561121375693,5.90979711628977,13.6288386548489,-7.7190415385590896,-10.7168277540207,82.546538141402294,-93.263365895422993,0.77034547514204499,1.1546952593284101,-0.38434978418636301,-1.09385772805795,0.85497742225568196,-1.9488351503136401,53.266854658553598,224.91502181389899,-171.64816715534499,11.2853155169148,17.7389915034125,-6.4536759864977302,41.981539141638798,207.17603031048699,-165.194491168848,0,0,0,96.339025927464505,112.320724585999,-15.9816986585344,-,-,-,-,-,-,-860.22663522073003,7.3727487455090897,8.0309772727272701,-0.65822852721818204,-867.59938396624,-1508.5499915984699,640.95060763222602,119.38972779476001,-521.560879837465,640.95060763222602,322.79955082115799,-48.723990212520498,-51.427360402378397,2.7033701898579499,-,-,-,-,-,-,371.52354103367799,334.69250465065301,36.831036383025001,-,-,-,-,-,-,121.893247023058,97.407995372865898,-7.6139999999999999,105.021995372866,24.485251650191898,15.336484650191901,9.1487669999999994,0,0,0,-325.30307004945502,-570.24488499781,0,-38.264359269347501,-131.34883116282299,0,-55.192297007102802,-345.439397558537,244.94181494835499,0,94.245902016915807,64.788181999999296,0,86.093597574844097,-0.185866643403993,0,-986.989111761,0,-9.5704567999996798E-2,-2.089607193,-984.80380000000002,0,-124.55964010585301
2007.75,7.3912,2007Q4,1015.2903090206,3929.09749394351,-2913.80718492291,914.09546172071703,3522.86095338409,-2608.7654916633701,895.05831817565797,3139.61829277271,-2244.5599745970499,19.037143545059301,383.24266061138297,-364.20551706632398,56.121619410000001,56.147277320000001,-2.5657909999999999E-2,0,0,0,-46.159853965289102,92.721511554315398,-138.881365519604,18.894883143333299,93.36,-74.465116856666697,8.4511888797125003,17.1238406771784,-8.6726517974659103,-28.018721201779499,2.2043003349204602,-30.223021536699999,-0.836628367173055,1.0970275181243001,-1.93365588529736,-22.087577979459098,1.0905735015045499,-23.178151480963599,5.4194066610420499,16.160777799950001,-10.741371138908001,28.648566889955202,101.18759244758699,-72.5390255576323,0.54486239573636397,1.0811479824011401,-0.536285586664773,-1.94060232101932,1.06861147540113,-3.0092137964204499,-7.2256993408017802,282.49161953121501,-289.71731887201702,14.9464547898682,20.8623131807432,-5.915858390875,-22.172154130669899,261.62930635047201,-283.80146048114199,0,0,0,108.420546640686,123.744921028203,-15.324374387517899,-,-,-,-,-,-,-1164.9566501652801,8.9721778618147692,9.4770795454545507,-0.50490168363977295,-1173.92882802709,-2090.52154531217,916.59271728508099,-274.614530100092,-1191.2072473851699,916.59271728508099,469.77462710979199,-48.681609177187603,-40.903002103476297,-7.7786070737113597,-,-,-,-,-,-,518.45623628698002,457.80216435249503,60.654071934484101,-,-,-,-,-,-,90.794408923140907,7.8363989231409201,-93.932000000000002,101.76839892314101,82.958010000000002,67.242810000000006,15.715199999999999,0,0,0,-835.18356613302501,-1150.3620371311299,0,-111.824315914506,-199.23213048594499,0,-123.657702992897,-715.64788773777798,315.17847099810098,0,166.449051836661,6.2422040000012498,0,133.586402425156,8.9008127362828002,0,-899.31429792699998,0,-0.33056793100000098,2.293870004,-901.27760000000001,0,149.66634114467601
2008,7.10216666666667,2008Q1,822.04291052175699,3635.8321430938599,-2813.7892325721,541.24054843528495,3211.31055292876,-2670.0700044934802,528.15368363160496,2829.4799483756401,-2301.3262647440301,13.086864803679701,381.830604553125,-368.74373974944501,53.6110826456,53.6611284134,-5.0045767800000002E-2,0,0,0,-26.7820304156558,90.678670817411202,-117.460701233067,5.7992202500000003,100.7,-94.900779749999998,18.349860289737499,27.4667075609023,-9.1168472711647706,-27.478839330637499,2.2465052994420498,-29.725344630079501,-0.98792061568798395,0.51277914395898905,-1.50069975964697,-23.235075828854502,1.0393216741556801,-24.274397503010199,5.0015757697113603,15.4454152342659,-10.4438394645545,8.9829519351678009,88.265069040136396,-79.282117104968506,-0.18637411201818199,0.51269612530681796,-0.69907023732499995,1.24142163170455E-2,1.3023112441454501,-1.2898970278284101,162.89676449026999,290.65829777065198,-127.761533280382,15.641317783542,22.4373673797284,-6.7960495961863598,147.25544670672801,268.22093039092402,-120.965483684196,0,0,0,117.905597596202,133.863292394448,-15.9576947982455,-,-,-,-,-,-,-1144.7671195727,8.1049694377943204,8.6159659090909102,-0.51099647129659098,-1152.8720890105001,-2106.7235299244298,953.85144091393101,655.35904598950299,-298.49239492442803,953.85144091393101,267.350998574691,-270.80146412264997,-121.04420762832,-149.75725649433099,-,-,-,-,-,-,538.15246269734098,477.17215503688197,60.980307660459097,-,-,-,-,-,-,83.511518028047703,50.741136213084097,6.0910000000000002,44.650136213084103,32.770381814963599,32.770381814963599,0,0,0,0,304.49652938676502,-78.432067014861701,0,370.31895294506302,-228.41991514596299,0,-66.175563116791395,-154.15554169717001,382.92859640162601,0,88.812907752536105,171.88177959999999,0,116.760354385759,5.4735546633304004,0,-1808.231135,0,-0.64602102500000103,-6.03139749999997E-2,-1807.5247999999999,0,322.724209050946
2008.25,6.92846666666667,2008Q2,954.72884801153202,4226.1475339921099,-3271.41868598058,741.78045838954699,3783.9436720653298,-3042.1632136757798,718.91139264257902,3375.7790226418701,-2656.8676299992899,22.869065746968101,408.16464942345698,-385.295583676489,59.434218700000002,59.528297273299998,-9.4078573299999996E-2,0,0,0,-31.831522205517999,101.06940635165,-132.90092855716799,20.155969750000001,101.62,-81.464030249999993,8.8084871568715908,19.8244812428557,-11.015994085984101,-30.493912735733002,3.1613526855420502,-33.655265421274997,-0.54735181486402096,0.75816275275578404,-1.3055145676197999,-20.304470999191999,0.92531068991477305,-21.229781689106801,9.1241343701454607,19.603975409777298,-10.4798410396318,8.8734343953717296,99.242114890265896,-90.368680494894207,0.83644411506704497,1.2763667390375,-0.43992262397045501,-1.1863649851806799,1.15518138835795,-2.3415463735386401,105.500212611476,309.91395226204997,-204.413739650574,15.996988262553399,22.343967733880699,-6.3469794713272698,89.503224348922302,287.56998452816902,-198.06676017924701,0,0,0,107.448177010509,132.28990966473501,-24.841732654226199,-,-,-,-,-,-,-970.06107760360806,8.5185159957409091,9.2208295454545492,-0.70231354971363602,-978.57959359934898,-1678.7730893626399,700.19349576329,148.75019853265201,-551.443297230638,700.19349576329,258.89604927684599,-62.578734752354201,-65.1263405841338,2.54760583177955,-,-,-,-,-,-,321.47478402920001,249.012363326019,72.462420703180698,-,-,-,-,-,-,51.455562022456597,33.282000816131799,-17.333100000000002,50.6151008161318,18.173561206324798,19.428701206324799,-1.2551399999999999,0,0,0,-161.60141276665101,-522.14656329441596,0,27.243098691977501,174.339053674985,0,24.175563116791398,-747.90427877817001,360.54515052776497,0,-30.9841254601732,357.77751239999901,0,37.239645614240501,-3.4878820263017301,0,-1127.329792132,0,-1.81394799999984E-2,-1.304152652,-1126.0074999999999,0,15.3322295920765
2008.5,6.84176666666667,2008Q3,1098.06013102467,4638.7551551353599,-3540.6950241106902,962.76715512798501,4240.9157815845301,-3278.1486264565401,977.06083466107498,3823.21704559715,-2846.1562109360698,-14.2936795330903,417.69873598738099,-431.99241552047198,59.067371469100003,59.1419970396,-7.4625570500000002E-2,0,0,0,-38.579783244073802,102.632200014144,-141.211983258218,7.7775949999999598,95.96,-88.182405000000003,17.081825191080899,30.605590735018399,-13.5237655439375,-32.794146860807899,3.25771777895114,-36.051864639759103,-1.0952680428847099,0.62014898459318202,-1.7154170274778899,-24.608926314740899,2.5743933207784102,-27.1833196355193,11.2703288641101,21.152393002284001,-9.8820641381739591,-12.270583966360499,98.618546715625499,-110.889130681986,1.3805478617556799,2.0414411285988598,-0.66089326684318295,-1.5226394902693201,1.0943072677875001,-2.61694675805682,30.562490036012001,267.61171847976101,-237.049228443749,16.448294381993499,23.662874428621901,-7.2145800466283996,14.1141956540185,243.94884405113899,-229.83464839711999,0,0,0,104.730485860678,130.227655071073,-25.4971692103951,-,-,-,-,-,-,-973.71738180415196,7.0520309992249999,7.8620681818181799,-0.81003718259318103,-980.76941280337701,-1287.1312468783799,306.361834075003,41.2556611846219,-265.106172890381,306.361834075003,281.00034509978002,-129.76979752971999,-116.429500744856,-13.340296784864799,-,-,-,-,-,-,410.77014262950098,331.10149329737101,79.668649332129803,-,-,-,-,-,-,329.26749527154902,304.40256386455502,0.69869999999999999,303.70386386455499,24.864931406994401,11.7057474069944,13.159184,0,0,0,-569.01217918670795,-439.73893922521501,0,-182.801645712295,-230.816678831003,0,-105.913203025575,79.792588343657897,-129.27323996149201,0,-22.623261308835101,-158.493888999999,0,52.783972703257199,-0.94006235591506604,0,-1022.025073988,0,0.45248457199999897,0.45684143999999999,-1022.9344,0,-124.34274922052199
2008.75,6.82946666666667,2008Q4,1330.85327187749,4121.47746974436,-2790.62419786687,1242.5371695865199,3742.5178228172499,-2499.9806532307298,1220.55026213017,3317.07603885143,-2096.5257767212602,21.9869074563514,425.44178396582402,-403.454876509472,61.041523819799998,61.073530460699999,-3.2006640900000001E-2,0,0,0,-21.918455967663999,89.795282129863196,-111.713738097527,13.127215,110.15,-97.022784999999999,15.414756837304701,25.388277887209298,-9.9735210499045408,-22.834378810905701,5.1615842745079599,-27.995963085413599,0.121704336581701,1.25622139453,-1.1345170579482999,-29.340828186370398,1.1663365473806799,-30.5071647337511,6.0691171427420496,22.015473289964699,-15.9463561472227,0.54596009115388699,105.976082115477,-105.430122024323,-0.39740073314431501,0.34892830730568403,-0.74632904044999904,0.15769392685341599,3.11006755888523,-2.9523736320318101,-13.159162187118101,249.68849564001599,-262.84765782713401,15.9149606564071,22.921259456043501,-7.0062987996364097,-29.074122843525199,226.76723618397199,-255.84135902749699,0,0,0,101.47526447808301,129.271151287089,-27.795886809005498,-,-,-,-,-,-,-1305.5833165957499,6.8389603391602298,7.5,-0.66103966083977295,-1312.4222769349101,-1013.98168905296,-298.44058788195298,-474.61739165491502,-176.17680377296199,-298.44058788195298,340.67634386739797,-104.272769892249,-61.114640682495498,-43.158129209753398,-,-,-,-,-,-,444.94911375964699,383.571190999728,61.377922759918498,-,-,-,-,-,-,-115.710622882934,-136.44607236433299,-11.269780000000001,-125.17629236433299,20.735449481398899,20.735449481398899,0,0,0,0,-699.58311263937901,64.542038483620203,0,-454.63479433957201,99.886313433823901,0,206.58273324902501,212.70778614034299,-764.125151122999,0,-8.1825515048238806,-334.955624,0,-397.27468568948501,-23.7122899286897,0,-837.80488528000001,0,0.14053571500000001,-10.995520995,-826.94989999999996,0,-25.269955281732098
2009,6.836,2009Q1,673.31914421003205,2911.21907631657,-2237.8999321065298,634.28805170171904,2600.2252633611702,-1965.93721165945,684.59671816518005,2287.85443950947,-1603.2577213442901,-50.308666463461002,312.37082385169998,-362.67949031516099,47.684154334799999,47.746489818999997,-6.2335484199999999E-2,0,0,0,-32.167520568999997,54.726545711,-86.894066280000004,-30.912058554961,87.65,-118.562058554961,5.5948724199999997,17.409574490000001,-11.814702069999999,-18.487361050000001,2.3555627800000001,-20.84292383,0.18630285999999999,1.03327897,-0.84697610999999995,-18.980444989999999,0.89547699000000003,-19.875921980000001,8.0381726899999997,17.54030289,-9.5021301999999999,-11.008666524300001,81.076620981700003,-92.085287506,-0.49871815000000003,0.19683717000000001,-0.69555531999999998,0.24260107,1.74013405,-1.4975329799999999,-28.784537781125,213.81478731000001,-242.599325091125,13.172600449999999,18.693974470000001,-5.5213740199999997,-41.957138231125001,195.12081284000001,-237.077951071125,0,0,0,67.815630289438502,97.179025645400003,-29.363395355961501,-,-,-,-,-,-,-467.85884331887797,6.0404931646,6.4625351546000003,-0.42204198999999998,-473.89933648347801,-777.22152864158397,303.32219215810602,182.67260422552201,-120.649587932584,303.32219215810602,196.74197582062499,-85.033201480000002,-64.278605549999995,-20.754595930000001,-,-,-,-,-,-,281.77517730062499,268.51810582692502,13.2570714737,-,-,-,-,-,-,34.063644323699997,27.425087113899998,17.624067203900001,9.8010199100000595,6.6385572098000001,6.6334872098000002,5.0699999999999999E-3,0,0,0,-48.133015918803402,-63.041473566484399,0,-148.52387359560001,125.1347723905,0,-36.385620723520098,-3.2667516378642301,14.908457647681001,0,30.133397730201501,-52.477173149999899,0,34.4879874479279,2.7642456195515299,0,-656.57194070900005,0,0.25354707399999998,1.159712217,-657.98519999999996,0,-205.46030089115399
2009.25,6.82576666666667,2009Q2,396.919240080191,3227.01075792854,-2830.0915178483501,388.90918822205998,2866.1436543462401,-2477.23446612418,424.81258779800999,2548.68462895424,-2123.8720411562299,-35.903399575949102,317.459025392,-353.36242496794898,51.445589935699999,51.572945202500001,-0.12735526680000001,0,0,0,-59.320602729999997,51.596705839999998,-110.91730857,2.4439961031910298,94.81,-92.366003896809005,7.2851323600000004,19.369224639999999,-12.08409228,-24.000153439999998,3.6710060000000002,-27.67115944,-0.45331675853707898,0.55202203999999999,-1.0053387985370801,-25.369779550000001,0.91656247000000002,-26.286342019999999,8.3950264699999995,16.688687569999999,-8.2936610999999996,3.6661305236968902,75.587094459499994,-71.920963935803101,-0.55070993000000001,0.1905183,-0.74122823000000004,0.55528743999999997,2.5042588700000001,-1.9489714300000001,-65.985141177825,257.61793747000002,-323.60307864782499,13.45241083,19.060576149999999,-5.6081653200000003,-79.437552007825005,238.55736132000001,-317.99491332782497,0,0,0,73.995193035955694,103.2491661123,-29.253973076344302,-,-,-,-,-,-,-162.28444132747401,7.4433637577000002,8.0176193277000003,-0.57425557000000005,-169.727805085174,-737.26053312189799,567.53272803672303,869.77875281319302,302.24602477646903,567.53272803672303,149.693081890625,-48.034898699999999,-28.525533599999999,-19.5093651,-,-,-,-,-,-,197.72798059062501,190.104552956925,7.6234276337000004,-,-,-,-,-,-,36.892219524776898,-80.9981548521001,-101.2074363671,20.209281514999802,117.89037437687701,117.897451376877,-7.077E-3,0,0,0,683.19345139779102,431.27907832856903,0,441.33151311004599,-61.884714310499902,0,-51.628001468249998,103.460280997273,251.91437306922199,0,19.419562172194301,2.8356811499999499,0,233.57281356401501,-3.91368381698766,0,-1039.5065578983699,-48.756261477366898,-0.53991907299999997,-4.5250773479999999,-985.68529999999998,0,-234.63479875271699
2009.5,6.82966666666667,2009Q3,453.50193593448199,3771.4116933884402,-3317.9097574539601,465.442966896808,3414.4826083575399,-2949.0396414607299,509.85010436738401,3029.3666233254398,-2519.5165189580498,-44.407137470576501,385.11598503210001,-429.52312250267698,56.029783880300002,56.2435190092,-0.21373512889999999,0,0,0,-77.191169044999995,56.088827715000001,-133.27999675999999,-16.224404588109099,99.25,-115.474404588109,6.1854025200000002,24.272121550000001,-18.086719030000001,-26.612289100000002,5.1668623699999996,-31.779151469999999,-0.30115062634214501,0.86042182,-1.16157244634215,-28.883999110000001,1.1135228500000001,-29.99752196,7.9715218700000001,20.604481679999999,-12.632959809999999,34.760583298574502,118.9616779179,-84.201094619325403,-0.14724747999999999,0.25432717999999999,-0.40157466000000003,5.8309100000002402E-3,2.3002229399999998,-2.29439203,-86.621816989124994,251.03018365,-337.65200063912499,19.621033229999998,25.14554953,-5.5245163000000002,-106.242850219125,225.88463411999999,-332.12748433912498,0,0,0,74.680786026799694,105.8989013809,-31.218115354100298,-,-,-,-,-,-,-769.82333936341297,11.179586089100001,12.1217081491,-0.94212205999999998,-781.00292545251295,-1241.23191417977,460.22898872725602,266.515903474487,-193.713085252768,460.22898872725602,162.60570897312499,-196.94926996999999,-113.66161085,-83.287659120000001,-,-,-,-,-,-,359.55497894312498,355.53982449942498,4.0151544437000002,-,-,-,-,-,-,153.908539742323,101.2612097467,-161.41206535329999,262.67327510000001,52.647329995622897,54.393789995622903,-1.7464599999999999,0,0,0,-49.998345240960802,-98.025025029468594,0,-31.571603456745699,98.713201411699998,0,-79.491288633159897,-85.675334351263004,48.026679788507799,0,-15.225153491247299,14.239355000000399,0,-57.485004519325003,0.92988279907976301,105.5676,-1047.518828927,0,-107.640487613,-9.5488413140000006,-930.32950000000005,0,316.32140342893098
2009.75,6.82733333333333,2009Q4,908.82535897147704,4225.9608255080102,-3317.1354665365402,712.663806847214,3745.7900841322098,-3033.126277285,735.507662270281,3325.0009387560099,-2589.4932764857299,-22.843855423067499,420.7891453762,-443.63300079926802,59.836341609199998,60.0726437175,-0.23630210830000001,0,0,0,-61.370781529999903,73.277347719999995,-134.64812925000001,4.4257392998790799,115.04,-110.61426070012099,16.886140529999999,33.576998189999998,-16.690857659999999,-27.959680729999999,4.8367218000000003,-32.796402530000002,-2.2930566300000002,1.1185939199999999,-3.4116505500000001,-33.123961970000003,1.3689628899999999,-34.492924860000002,8.2738292099999899,22.266253500000001,-13.992424290000001,12.8032811878535,105.9501256187,-93.146844430846599,-0.6151529,0.33095036999999999,-0.94610327000000005,0.2934465,2.9505476499999999,-2.6571011499999999,96.065690624774405,360.04585451000003,-263.98016388522598,25.332289360000001,29.19479806,-3.8625086999999998,70.7334012647744,330.85105644999999,-260.117655185226,0,0,0,100.095861499488,120.12488686579999,-20.029025366311998,-,-,-,-,-,-,-618.77077362645105,14.729560964199999,15.441192944200001,-0.71163198000000005,-633.50033459065105,-1527.73740521626,894.23707062561004,626.34097645334896,-267.89609417226097,894.23707062561004,362.629907010625,-108.88248485,-79.441239420000002,-29.441245429999999,-,-,-,-,-,-,471.51239186062497,455.39277766692499,16.119614193699999,-,-,-,-,-,-,46.0092343892128,-72.945127245999899,-161.473629276,88.528502030000098,118.954361635213,112.241961635213,6.7123999999999997,0,0,0,217.70183505351099,-86.068482076261006,0,-240.88792038962501,-131.00885819729999,0,-175.201178898639,461.02947540930398,303.77031712977202,0,81.427005859171203,106.06395000000001,0,110.248121899325,6.0312393712763797,0,-1259.8413110439999,0,-2.997241104,-10.32926994,-1246.5147999999999,0,-290.05458534502702
2010,6.8263,2010Q1,249.954044475312,3738.5894878509198,-3488.6354433756101,212.87889592901701,3331.9373309616999,-3119.0584350326799,264.76887061821401,2952.62351874459,-2687.8546481263802,-51.889974689196201,379.31381221710802,-431.20378690630503,55.5067513045,55.7495742001,-0.2428228956,0,0,0,-67.760452036000004,68.297991514000003,-136.05844354999999,-26.715679999999999,102.08,-128.79568,15.04377665,26.165096810000001,-11.12132016,-29.9053702,3.4192854100000001,-33.324655610000001,0.43443132621154901,1.5379394330082701,-1.1035081067967201,-27.722342569999999,0.93918723999999998,-28.661529810000001,11.546909149999999,20.66455289,-9.1176437400000001,18.226315786092201,97.963510839999998,-79.737195053907797,-0.93783348,0.21378683000000001,-1.15162031,0.39351937999999897,2.2828870499999998,-1.8893676699999999,-52.357499628288998,294.49992283732701,-346.85742246561603,24.400270920000001,28.19424587,-3.79397495,-76.757770548289002,266.30567696732697,-343.06344751561602,0,0,0,89.432648174583804,112.1522340519,-22.719585877316199,-,-,-,-,-,-,-236.001957835844,11.51737225347,12.0958823481,-0.57851009463001402,-247.519330089313,-1091.7045390302601,844.18520894094604,712.25670168284603,-131.92850725810001,844.18520894094604,438.574083045853,-64.406051720999997,-74.146622250999997,9.7405705299999994,-,-,-,-,-,-,502.98013476685298,471.93393514462798,31.046199622225,-,-,-,-,-,-,21.769791688715799,6.0813907345001699,-21.270003055499998,27.351393790000198,15.6884009542157,15.6884009542157,0,0,0,0,251.912826948278,-73.603846271600005,0,-170.09829741323099,40.4111949300001,0,4.6430041959131403,51.440252015718102,325.51667321987799,0,96.204674081911193,177.48033899999999,0,51.770937931650501,6.0722206316190998E-2,0,-959.77603177215997,0,-1.07103177216,0,-958.70500000000004,0,-13.952086639468501
2010.25,6.81156666666667,2010Q2,437.64170493686299,4467.0714566901097,-4029.42975175325,523.040011998257,4063.5814703749302,-3540.5414583766801,554.06221094114198,3627.15350890747,-3073.0912979663199,-31.022198942885499,436.42796146746502,-467.45016041035001,60.931931505000001,61.134638753799997,-0.20270724879999999,0,0,0,-72.957661173999995,83.282394385999993,-156.24005556,-5.3718599999999803,116.54,-121.91186,22.78193735,36.163591609999997,-13.381654259999999,-35.029910030000003,3.48901956,-38.518929589999999,1.7221336549192401,2.6827297576647,-0.96059610274546303,-33.811627190000003,3.2970421499999998,-37.108669339999999,15.07984549,25.35757839,-10.2777329,17.328592921195199,101.3895832,-84.060990278804795,-0.79989860999999995,0.24649341999999999,-1.04639203,-0.89568285999999997,2.8448902399999998,-3.7405731000000002,-179.370106216664,287.52002096448001,-466.89012718114498,26.57719839,29.69880105,-3.1216026600000002,-205.94730460666401,257.82121991448003,-463.76852452114503,0,0,0,93.971799155270702,115.96996535069999,-21.998166195429299,-,-,-,-,-,-,-306.302418523048,13.8896245341067,14.5201546703,-0.63053013619331499,-320.19204305715499,-1516.6032568435301,1196.4112137863799,500.36472594284498,-696.04648784353401,1196.4112137863799,482.47670362678201,-109.457032465437,-117.531374485437,8.0743420199999996,-,-,-,-,-,-,591.93373609221896,553.87501677999398,38.058719312225001,-,-,-,-,-,-,-94.775769476485394,-78.561103129700101,-53.128459816599999,-25.432643313100101,-16.2146663467853,-11.8436163467853,-4.3710500000000003,0,0,0,112.663791792548,-508.02835224839703,0,-120.00400479196,19.6213097099998,0,-439.45451365762898,31.808856491192799,620.69214404094498,0,102.405549347288,123.620154,0,397.94613338835001,-3.27969269469203,0,-820.55676900000003,0,0,-9.1090689999999999,-811.44770000000005,0,-131.33928641381499
2010.5,6.75773333333333,2010Q3,826.31711223352499,5038.1755884498698,-4211.85847621635,743.719125132606,4484.3296508887297,-3740.6105257561198,772.27793803683403,4015.0728763383199,-3242.7949383014902,-28.5588129042277,469.25677455040397,-497.81558745463099,66.678596989400006,66.837282779899994,-0.15868579050000001,0,0,0,-72.959099093000006,95.752786627000006,-168.71188572,-22.921847,118.38,-141.30184700000001,23.622768950000001,37.530042299999998,-13.907273350000001,-36.426967230000002,5.9326628000000001,-42.359630029999998,-1.54744848548216,3.5310783435037698,-5.0785268289859298,-28.527197359999999,1.5774820700000001,-30.104679430000001,18.29807087,28.42516084,-10.12708997,26.076739254854498,109.28783546,-83.211096205145495,-0.41612840000000001,0.31550241000000001,-0.73163080999999996,-0.43630140000000001,1.6869409200000001,-2.1232423200000001,-19.475587139581599,430.95123007854698,-450.42681721812897,32.777026290000002,36.751231169999997,-3.9742048799999998,-52.252613429581601,394.199998908547,-446.45261233812897,0,0,0,102.07357424049999,122.8947074826,-20.8211332421,-,-,-,-,-,-,-770.18143748894499,8.8244238634838492,9.2289681425999994,-0.40454427911615298,-779.00586135242895,-1958.3559124359101,1179.3500510834799,300.99415064757102,-878.35590043591196,1179.3500510834799,413.67644414244597,-178.907633199911,-194.242116149911,15.33448295,-,-,-,-,-,-,592.584077342358,551.65938297013304,40.924694372224998,-,-,-,-,-,-,141.24525039790001,-5.6604401599999496,-2.6423497500000099,-3.0180904099999402,146.90569055789999,154.2458905579,-7.3402000000000003,0,0,0,-253.92754389277499,-693.78782707600101,0,-269.814946787765,-259.327679524627,0,-181.54184895786801,16.896648194259299,439.86028318322502,0,167.25878451956601,140.32995,0,132.97844311823201,-0.706894454573052,0,-1080.000012,0,0,-7.4697120000000004,-1072.5302999999999,0,-56.135674744580001
2010.75,6.64276666666667,2010Q4,864.19103443384802,5239.7320770463803,-4375.54104261253,750.60068406811899,4684.2681356003404,-3933.6674515322202,789.75567528293095,4185.8777102228796,-3396.12203493995,-39.154991214811801,498.39042537746502,-537.54541659227698,68.199084141300006,68.398836173600003,-0.19975203229999999,0,0,0,-76.784801189999996,94.771942039999999,-171.55674323,-35.650925000000001,121.14,-156.79092499999999,32.779966430000002,45.088133569999997,-12.30816714,-38.914645460000003,4.4280900699999997,-43.342735529999999,-1.1709223178216499,5.5594868238650301,-6.73040914168668,-32.029459330000002,2.4911266799999998,-34.520586010000002,18.814262240000001,30.316837750000001,-11.50257551,26.9166758417099,123.01102871000001,-96.094352868290102,-0.32518907000000002,0.45336506999999998,-0.77855414000000001,-0.98903750000000001,2.73157849,-3.7206159900000002,-7.7901978719573899,411.27357171673401,-419.06376958869203,38.051360070000001,41.716131330000003,-3.6647712600000002,-45.841557941957397,369.55744038673402,-415.39899832869202,0,0,0,121.380548237686,144.19036972929999,-22.809821491614301,-,-,-,-,-,-,-536.258197740181,12.073094751417999,12.3088648158,-0.23577006438200801,-548.33129249159902,-1969.3077897560599,1420.97649726446,1308.7261668468,-112.250330417664,1420.97649726446,522.77112110312601,-226.76527627722101,-236.311036227221,9.5457599500000008,-,-,-,-,-,-,749.53639738034701,678.46345593812202,71.072941442225002,-,-,-,-,-,-,172.14515012000001,1.71508872999998,-7.2500949300000004,8.9651836599999797,170.43006138999999,155.48026139000001,14.9498,0,0,0,613.80989562367495,112.799857129557,0,-20.2171574322231,-11.118186712671299,0,0,144.13520127445199,501.01003849411802,0,237.60216593587299,349.61683599999998,0,-87.541325028232194,1.3323615864771099,0,-1857.0574593383999,0,0,-4.1770593383999897,-1852.8804,0,-327.93283669366701
2011,6.57506666666667,2011Q1,15.0213517866923,4811.4066189376599,-4796.3852671509603,74.456330883891496,4322.3583191255602,-4247.9019882416596,186.80540188349201,3798.4639280394599,-3611.6585261559599,-112.3490709996,523.89439108609997,-636.2434620857,62.408077417100003,62.6126175745,-0.20454015740000001,0,0,0,-100.889290776,80.654462093999996,-181.54375286999999,-63.21530551,104.53,-167.74530551000001,19.58786233,30.731580659999999,-11.14371833,-37.548710589999999,5.7396304899999997,-43.288341080000002,0.6372618793,1.6499511376,-1.0126892583,-33.929473909999999,1.7592888799999999,-35.688762789999998,19.677767500000002,29.41115594,-9.7333884400000006,22.642615150000001,204.55975846000001,-181.91714331,-0.51255753999999998,0.25818398999999997,-0.77074153000000001,-1.2073169500000001,1.98776186,-3.19507881,-168.32651694769999,355.18118336160001,-523.50770030930005,34.337592530000002,38.47150379,-4.1339112599999996,-202.66410947770001,316.70967957160002,-519.37378904929994,0,0,0,108.8915378505,133.86711645049999,-24.975578599999999,-,-,-,-,-,-,-309.52381312798201,14.640117483799999,14.944161063799999,-0.30404357999999998,-324.16393061178201,-1713.2698338119001,1389.1059032001201,1087.7439909315599,-301.36191226856602,1389.1059032001201,676.67226737199996,-61.395495605000001,-77.111765145000007,15.716269540000001,-,-,-,-,-,-,738.06776297700003,692.67400367699997,45.393759299999999,-,-,-,-,-,-,-26.624346458000002,-28.294712793999999,-1.493330684,-26.801382109999999,1.6703663360000001,1.6703663360000001,0,0,0,0,437.696070017556,-211.67170386956599,0,-92.878391736541502,-53.518991959984199,0,-75.678100000000001,10.403779826959701,649.36777388712198,0,295.35877543453,260.350955,0,79.269099999999995,14.388943452592001,0,-1411.9079215433401,0,1.0211875853365999,-32.499109128675002,-1380.43,0,294.50246134128997
2011.25,6.47823333333333,2011Q2,437.28219357462598,5492.0118886070604,-5054.7296950324298,534.992783335235,4970.9537006456603,-4435.96091731043,628.18079787555098,4502.7605116516597,-3874.5797137761101,-93.188014540315905,468.19318899400002,-561.381203534316,63.904965569300003,64.422003799600006,-0.51703823029999996,0,0,0,-108.364953615,88.226295414999996,-196.59124903,-38.467939999999999,120.97,-159.43794,29.686163749999999,37.169863460000002,-7.4836997099999998,-39.924158169999998,8.1510984999999998,-48.075256670000002,-0.53459168909373,1.9172830843999999,-2.4518747734937301,-34.05952473,1.8388812999999999,-35.898406029999997,22.311788,34.188159390000003,-11.876371389999999,13.641922904477701,109.83078962499999,-96.188866720522299,-0.63477508999999999,0.34236348,-0.97713857000000004,-0.74691147000000002,1.13645094,-1.8833624099999999,-162.37291708399999,377.3585806918,-539.73149777579999,37.146004779999998,41.022084749999998,-3.8760799700000002,-199.51892186399999,336.33649594180002,-535.85541780580002,0,0,0,64.662327323390898,143.69960726959999,-79.037279946209196,-,-,-,-,-,-,-283.32457094930999,14.1778897713,14.564411661299999,-0.38652188999999998,-297.50246072060997,-2032.98250447399,1735.48004375338,1127.77747419192,-607.70256956146102,1735.48004375338,617.96728292650005,-113.1375310313,-142.3319179913,29.194386959999999,-,-,-,-,-,-,731.10481395780005,650.86618701780003,80.238626940000003,-,-,-,-,-,-,110.81206271342801,33.6890259277883,9.0428720088000105,24.646153918988301,77.123036785639997,77.172457785640006,-4.9421E-2,0,0,0,398.99812855198701,-528.25406445794897,0,-441.22076563095499,20.1546654272389,0,-178.3,71.112035745766903,927.25219300993604,0,311.71988353300202,382.40702527000002,0,205.7,27.4252842069344,0,-1425.27993491252,0,1.8863826606751799,2.4956824268000002,-1429.662,0,-153.95762262531599
2011.5,6.3994,2011Q3,424.327796253342,5841.2520016247199,-5416.9242053713797,660.88053015683897,5434.4519160755199,-4773.5713859186799,821.71879689513901,4948.5518561569197,-4126.8330592617804,-160.83826673830001,485.90005991859999,-646.73832665689997,69.564812516700002,70.105221929199999,-0.54040941249999996,0,0,0,-120.007575417,94.829023982999999,-214.83659940000001,-92.174372050000002,122.29,-214.46437205000001,24.54371033,34.619340260000001,-10.07562993,-45.338165250000003,6.6572161400000001,-51.995381389999999,9.0754567000000105E-2,1.3134404014000001,-1.2226858344,-33.754717210000003,1.62442654,-35.379143749999997,24.59905079,36.261852060000002,-11.662801269999999,13.255989025,116.45555355499999,-103.19956453,-0.44238137999999999,0.32419368999999998,-0.76657507000000003,-1.1753726600000001,1.4197913600000001,-2.5951640199999999,-285.06214847820002,259.19391319559998,-544.25606167379999,38.596025429999997,42.699612729999998,-4.1035873,-323.65817390820001,216.49430046559999,-540.15247437380003,0,0,0,48.509414574702902,147.60617235359999,-99.0967577788971,-,-,-,-,-,-,-213.83384544514999,13.199177389999999,13.77742879,-0.57825139999999997,-227.03302283515001,-1522.3837174204,1295.35069458525,689.57444725051903,-605.77624733473203,1295.35069458525,417.13470534177299,-158.997406309551,-180.75008741955099,21.752681110000001,-,-,-,-,-,-,576.13211165132304,494.839631111323,81.29248054,-,-,-,-,-,-,99.443714980738505,41.2558763941663,3.2803130710000001,37.975563323166298,58.187838586572198,7.4864794492,50.701359137372201,0,0,0,172.99602692800801,-488.034717419348,0,42.958302194714499,-231.25407330808301,0,-402.6,102.86105369402,661.03074434735595,0,159.6620974054,329.37856738000102,0,169.3,2.6900795619546001,0,-916.60747008566898,0,1.3218452294048999,3.0168846849266999,-920.94619999999998,0,-210.49395080819201
2011.75,6.34263333333333,2011Q4,484.33627416083903,5942.2310101065304,-5457.8947359456897,548.70774475075905,5360.7605490279102,-4812.0528042771502,650.30252968505897,4828.2781390384098,-4177.9756093533497,-101.59478493429999,532.48240998949996,-634.07719492379999,67.513935658700007,68.150148142600003,-0.63621248389999996,0,0,0,-119.486294966,91.989203884000005,-211.47549885000001,-47.352913540000003,136.85,-184.20291354,36.141353119999998,44.722660359999999,-8.5813072399999992,-44.38952424,9.6292635299999993,-54.018787770000003,0.83186084372615199,3.6129318778999999,-2.7810710341738498,-37.884354080000001,2.2104202599999998,-40.094774340000001,22.148619440000001,39.223168520000002,-17.074549080000001,22.050713069274099,132.80789623499999,-110.757183165726,-1.17813966,0.30302059999999997,-1.48116026,9.9594199999999394E-3,2.9836965800000002,-2.9737371600000002,-87.414086726175,450.94220681762499,-538.35629354380001,39.422620309999999,43.49051326,-4.0678929500000001,-126.836707036175,407.45169355762499,-534.28840059380002,0,0,0,23.042616136255301,130.528254261,-107.48563812474499,-,-,-,-,-,-,-416.62790905057699,12.4456951008,12.919338180800001,-0.47364307999999999,-429.07360415137703,-867.14908962881498,438.07548547743801,-304.85441456726301,-742.92990004470096,438.07548547743801,604.74152526260002,-150.67597765062499,-176.48451625062501,25.808538599999999,-,-,-,-,-,-,755.41750291322501,669.29939703322498,86.118105880000002,-,-,-,-,-,-,12.7600335741644,15.826678192895001,0.21133357010000201,15.615344622795,-3.0666446187305798,-33.245027345099999,30.178382726369399,0,0,0,-922.35597340402796,-608.08060058697095,0,-664.171870920934,-188.13204272666599,0,-53,297.22331306063001,-314.27537281705702,0,-283.90979465728702,78.474088719999799,0,-74,-34.839666879769098,0,-124.21918958411401,0,0.42240595785160301,-7.5039955419651996,-117.13760000000001,0,-67.708365110261894
2012,6.30026666666667,2012Q1,285.68475763862199,5323.1626510506703,-5037.4778934120504,38.182909412586902,4582.9432504357301,-4544.7603410231404,186.628572196802,4113.7004329969504,-3927.0718608001498,-148.44566278421499,469.242817438781,-617.68848022299596,61.389532590599998,61.579939955699999,-0.1904073651,0,0,0,-115.76019974,84.290863700000003,-200.05106344000001,-96.23,113.38,-209.61,26.75948365,34.595283299999998,-7.8357996500000002,-41.468211770000003,7.8391056600000004,-49.307317429999998,0.182045328653202,2.4184096780809701,-2.2363643494277698,-40.057202910000001,2.06049711,-42.117700020000001,29.542366250000001,38.672700020000001,-9.13033377,28.477662196532201,122.07725338500001,-93.599591188467897,-0.89307835000000002,0.21030383,-1.1033821800000001,-0.38806003,2.1184607999999998,-2.5065208299999999,222.925952698077,612.616354249045,-389.69040155096701,36.549833370000002,40.772003009999999,-4.2221696399999997,186.37611932807701,571.84435123904495,-385.46823191096701,0,0,0,24.575895527957002,127.6030463659,-103.027150837943,-,-,-,-,-,-,-297.95655411579298,14.8965884181,15.6186937681,-0.72210534999999998,-312.85314253389299,-1355.8572253903001,1043.0040828564099,433.60031100910697,-609.40377184730096,1043.0040828564099,456.75619057749998,-154.37863053500001,-162.77080773500001,8.3921772000000008,-,-,-,-,-,-,611.13482111250005,540.66742244249997,70.467398669999994,-,-,-,-,-,-,92.937574839882004,34.197668163108098,17.243042367899999,16.954625795208099,58.739906676773899,19.7560474042,38.983859272573902,0,0,0,-116.09345440827499,-489.22280947540901,0,-408.91708318059,-179.75916589602201,0,4.1000000000000201,95.353439601203803,373.12935506713399,0,-202.24359684259801,322.19021570000001,0,219.2,33.982736209731499,0,-746.45345354300002,0,-1.892879406,3.9316258629999998,-748.49220000000003,0,12.2717964771712
2012.25,6.34413333333333,2012Q2,590.04848643210903,6001.3915635352896,-5411.3430771031799,687.49790526907998,5552.2912697401898,-4864.7933644711102,887.37374365924495,5063.9489146850901,-4176.5751710258501,-199.875838390165,488.34235505509997,-688.218193445265,62.824804031100001,63.461319865100002,-0.636515834,0,0,0,-113.61102651,99.928703200000001,-213.53972970999999,-121.72,124.62,-246.34,18.941126229999998,26.53423772,-7.5931114900000001,-42.179255159999997,8.9255793499999996,-51.104834510000003,-1.6064592704994101,1.6464894000000001,-3.2529486704994102,-44.452286399999998,2.0919235500000002,-46.544209950000003,26.186943400000001,39.102327080000002,-12.91538368,16.767483629234398,119.61980592,-102.852322290766,-0.84678142999999995,0.32758377999999999,-1.1743652099999999,-0.18038691000000001,2.0843851899999999,-2.2647721000000001,-103.4612248625,322.00172165750001,-425.46294652,36.552784870000004,41.345005880000002,-4.7922210099999996,-140.0140097325,280.65671577749998,-420.67072551000001,0,0,0,6.01180602552928,127.0985721376,-121.086766112071,-,-,-,-,-,-,-119.224551017398,8.9405908053999994,9.5192616054000005,-0.57867080000000004,-128.16514182279801,-1001.42314741246,873.25800558966603,-245.721750313798,-1118.97975590346,873.25800558966603,376.90197369750001,-139.31409166500001,-175.262721895,35.948630229999999,-,-,-,-,-,-,516.21606536249999,444.0813546425,72.134710720000001,-,-,-,-,-,-,111.14923117780501,24.518642513884501,5.1688749899999999,19.349767523884498,86.630588663921003,33.369891432300001,53.260697231621002,0,0,0,-733.77295518910296,-1004.18430675235,0,-428.66126775926199,-251.29328117020901,0,-336.42,12.190242177121901,270.41135156324498,0,19.041520185235299,56.650333329999697,0,189.79,4.9294980480100197,0,117.55660849100001,0,0.85884656199999099,4.293161929,112.4046,0,-470.823935414711
2012.5,6.33166666666667,2012Q3,761.94910947997505,6330.0505725271996,-5568.10146304723,732.51708804441603,5724.4072289496999,-4991.8901409052896,995.40070026206195,5210.9563184755998,-4215.5556182135397,-262.88361221764598,513.45091047410006,-776.33452269174597,66.082772157500003,66.321268052099995,-0.23849589460000001,0,0,0,-117.97690300799999,105.263063372,-223.23996638,-190.03,123,-313.02999999999997,25.61580326,35.641429369999997,-10.025626109999999,-45.47841287,6.4603075600000004,-51.938720429999996,1.3031028730584,5.3106747299999997,-4.0075718569415999,-39.291304750000002,1.48308749,-40.774392239999997,21.61890253,40.169546169999997,-18.550643640000001,17.467013339794999,127.0615849,-109.594571560205,-1.3024736100000001,0.32255496,-1.62502857,-0.89211214000000005,2.4173938700000002,-3.3095060100000002,21.4646374975001,478.65015085750002,-457.18551336000002,38.972787629999999,43.459700089999998,-4.4869124600000001,-17.508150132499999,435.19045076750001,-452.69860089999997,0,0,0,7.9673839380601796,126.99319272,-119.02580878194,-,-,-,-,-,-,-574.64986235280901,8.1596757100000001,9.1849671199999996,-1.0252914099999999,-582.809538062809,-554.53060594727299,-28.278932115535401,-587.21666506590896,-558.93773295037295,-28.278932115535401,349.33076460170003,-143.13150124500001,-155.870825575,12.739324330000001,-,-,-,-,-,-,492.46226584670001,448.4337619767,44.028503870000002,-,-,-,-,-,-,46.086733588337999,-105.651643366428,-14.59953681,-91.052106556428399,151.73837695476601,95.888130880000006,55.850246074766403,0,0,0,-982.63416325594699,-310.15458833894502,0,35.413032685021598,-192.09426409156401,0,-130.68,-22.793356932402801,-672.47957491700197,0,-322.06842082085097,-443.71693174000001,0,94.01,-0.70422235615055095,0,4.4071270031000402,0,4.8560490595000099,3.0467779436,-3.4956999999999598,0,-187.29924712716601
2012.75,6.2314,2012Q4,516.23512114370601,6278.3570758755804,-5762.1219547318797,860.25086475394301,5891.2783746380801,-5031.0275098841403,1046.2945154336901,5346.5584620872796,-4300.2639466535902,-186.04365067974601,544.71991255080002,-730.76356323054597,65.953452603000002,66.089284607799996,-0.13583200479999999,0,0,0,-122.14622080700001,99.639014842999998,-221.78523565,-111.50582283999999,139.28,-250.78582284000001,14.955737490000001,25.688238819999999,-10.73250133,-43.583131659999999,10.067312060000001,-53.650443719999998,-0.276402798572425,9.4841686799999998,-9.7605714785724196,-43.248019900000003,4.8055122600000004,-48.053532160000003,30.216847940000001,44.524118999999999,-14.30727106,23.977525092826699,141.46672140999999,-117.489196317173,-1.3467553400000001,0.39534662999999998,-1.74210197,0.95913954000000001,3.2801942400000001,-2.3210546999999999,-339.79767866999998,257.1022071575,-596.89988582750004,40.700241939999998,45.079523889999997,-4.3792819500000002,-380.49792060999999,212.02268326750001,-592.52060387749998,0,0,0,-4.2180649402368999,129.97649408000001,-134.19455902023699,-,-,-,-,-,-,-291.342873868467,10.725914810000001,11.17493533,-0.44902051999999998,-302.068788678467,-1084.0477890274201,781.97900034895497,38.957188455932702,-743.021811893022,781.97900034895497,579.51588749749999,-212.809641795,-233.755320125,20.94567833,-,-,-,-,-,-,792.32552929250005,712.04358699249997,80.281942299999997,-,-,-,-,-,-,227.61920609472699,-16.971297805786602,12.479976519999999,-29.4512743257865,244.590503900513,150.012951024887,94.577552875626097,0,0,0,-768.17790513629404,-513.24087229223596,0,-245.72855562417101,-30.1743490372839,0,-155.12,-82.217967630780194,-254.937032844058,0,-88.4897817503076,-102.96688829999999,0,-79.739999999999895,16.259637206250002,0,-341.02597713440002,0,1.2314644128000001,4.8877584528,-347.14519999999999,0,-224.89224727523899
2013,6.2169,2013Q1,409.78807658524698,6065.90757882663,-5656.1195022413804,400.68588840541702,5408.1659830591298,-5007.4800946537098,659.97486517567995,4929.8468063325599,-4269.87194115688,-259.28897677026202,478.31917672656698,-737.608153496829,55.115150280899996,55.282477559900002,-0.167327279,0,0,0,-128.07281309499999,92.659011305000007,-220.73182439999999,-178.503440260742,114.08,-292.58344026074201,13.450288560000001,22.703957540000001,-9.2536689800000005,-44.389352700000003,8.0051524500000006,-52.394505150000001,-1.62287058415715,5.8016742299999997,-7.4245448141571497,-37.65055598,2.2675079400000002,-39.918063920000002,24.26745326,37.771733240000003,-13.50427998,41.027689128736696,137.120122571667,-96.092433442930002,-0.94170648000000001,0.25207249999999998,-1.19377898,-1.9688189,2.3754673899999998,-4.3442862900000003,24.026504833035599,536.97298828750002,-512.94648345446399,40.412059790000001,44.546741449999999,-4.13468166,-16.385554956964398,492.4262468375,-508.81180179446397,0,0,0,-14.9243166532068,120.76860748,-135.69292413320699,-,-,-,-,-,-,-556.72003715639698,15.702008319999999,16.29199401,-0.58998569000000001,-572.42204547639699,-2018.0206050499901,1445.5985595735899,997.27539843360296,-448.323161139989,1445.5985595735899,380.97918463946399,-212.61539627499999,-235.96886001499999,23.353463739999999,-,-,-,-,-,-,593.59458091446402,518.71069680325604,74.883884111208104,-,-,-,-,-,-,113.624959707618,-28.9570673014066,-15.1001030718,-13.8569642296066,142.58202700902399,79.077474405535995,63.504552603488101,0,0,0,502.671254086521,-206.750697563583,0,247.84310367922299,-97.554654010488207,0,64.8,-421.83914723231698,709.42195165010401,0,193.63725983927401,427.00320160000001,0,121.07,-32.288509789169403,0,-1569.6974439099999,0,-3.6368629999991103E-2,1.06762472,-1570.7286999999999,0,146.93196057115
2013.25,6.14553333333333,2013Q2,426.71216833733803,6372.3957156505603,-5945.6835473132196,623.57960146648395,5793.3959406630602,-5169.81633919657,913.58508036285298,5302.1074864249604,-4388.5224060621103,-290.00547889636903,491.28845423809997,-781.29393313446894,55.422176751999999,55.602990323100002,-0.18081357109999999,0,0,0,-134.74783431500001,96.604910864999994,-231.35274518,-178.353087053233,120.29,-298.64308705323299,15.68982729,24.553563799999999,-8.8637365100000007,-43.175906849999997,9.3774427500000002,-52.553349599999997,-0.55504390681157501,6.8750243099999997,-7.4300682168115699,-45.16813964,1.7084678799999999,-46.87660752,24.17810429,42.206206289999997,-18.028102000000001,16.237772906675499,130.10868753,-113.870914623324,-0.92529463999999995,0.30794950999999998,-1.23324415,1.39194627,3.6532109799999999,-2.2612647099999998,-173.83192311121499,446.0117890775,-619.84371218871502,37.795835179999997,41.827157710000002,-4.0313225299999997,-211.627758291215,404.1846313675,-615.81238965871501,0,0,0,-23.035510017931198,132.98798590999999,-156.02349592793101,-,-,-,-,-,-,-168.960298198446,8.5218022199999997,10.74447477,-2.22267255,-177.48210041844601,-950.90490081410701,773.42280039566106,288.360663181554,-485.062137214107,773.42280039566106,534.31683001651504,-155.9323478876,-187.6668238776,31.73447599,-,-,-,-,-,-,690.24917790411496,624.58146408278401,65.667713821330693,-,-,-,-,-,-,57.802214286904601,-49.110603229039697,-6.0047234100000004,-43.1058798190397,106.912817515944,60.067819221401699,46.844998294542599,0,0,0,-303.75838112186602,-280.01918609746701,0,-48.901496586611501,-79.397895208414297,0,-153.191732,1.4719376975584599,-23.739195024398398,0,-15.1097171305851,-88.049440687153904,0,58.483953,20.936009793340599,0,-465.84276360000001,0,0.92078479999999197,3.9022516,-470.66579999999999,0,-257.751870138892
2013.5,6.12256666666667,2013Q3,325.87397249796402,6646.7784879806504,-6320.9045154826799,441.72434486032199,5969.5903180467503,-5527.86597318643,860.47766743083605,5454.4750975899497,-4593.9974301591101,-418.75332257051298,515.11522045679999,-933.86854302731297,60.1006161707,60.309928016800001,-0.2093118461,0,0,0,-154.55313684500001,94.482315244999995,-249.03545209000001,-272.53541014000001,120.36,-392.89541014000002,18.109989800000001,28.112476239999999,-10.00248644,-46.404380359999998,10.72027463,-57.124654990000003,-1.3247487609956601,8.1616522800000002,-9.4864010409956592,-56.39060224,2.97691784,-59.367520079999998,20.127018639999999,42.79375666,-22.66673802,16.140087054782398,143.36878896499999,-127.22870191021801,-2.7057382900000002,0.36062255999999998,-3.0663608500000001,0.68298239999999899,3.4684880200000001,-2.7855056199999999,-103.19128868446499,532.14692172749994,-635.33821041196495,38.907148720000002,43.836392019999998,-4.9292433000000004,-142.09843740446499,488.3105297075,-630.40896711196501,0,0,0,-12.6590836778935,145.04124820640001,-157.700331884294,-,-,-,-,-,-,-222.26957362753799,4.9485928791999996,8.8237200492000003,-3.8751271699999998,-227.21816650673799,-1542.6371583692701,1315.41899186254,743.27058726166194,-572.14840460087396,1315.41899186254,415.45287156756501,-157.6169483155,-192.07548184550001,34.458533529999997,-,-,-,-,-,-,573.06981988306495,527.58662636097699,45.4831935220882,-,-,-,-,-,-,98.139366830561897,22.404295660978601,-7.0459427728000099,29.450238433778601,75.735071169583307,17.5324796215377,58.202591548045604,0,0,0,229.678348863536,-436.93575194635298,0,-61.567998300625902,-80.351684362971298,0,-286.45320400000003,-8.5628652827557108,666.61410080988799,0,368.57789532341798,118.804782453199,0,173.00686200000001,6.2245610332709296,0,-970.48875376839999,0,0.23833655560000699,4.9743096759999998,-975.70140000000004,0,-103.604398870427
2013.75,6.08006666666667,2013Q4,319.66528137822598,6842.2136084388303,-6522.5483270606101,887.80578130893298,6384.7951362121303,-5496.9893549032004,1155.77536442932,5799.4599607468299,-4643.6845963175101,-267.96958312038799,585.33517546530004,-853.30475858568798,61.138569257699999,61.374100052300001,-0.23553079460000001,0,0,0,-149.407295632,92.710351218,-242.11764685,-139.732009971591,161.91,-301.64200997159099,20.477514849999999,31.260352739999998,-10.78283789,-46.995656910000001,11.858796310000001,-58.854453220000003,-1.55892172414353,11.01246246,-12.571384184143501,-62.254782900000002,1.9138092900000001,-64.168592189999998,26.172023159999998,48.212702810000003,-22.040679650000001,25.691634379647201,161.75249550500001,-136.060861125353,-1.7830636600000001,0.55094991000000004,-2.3340135700000002,0.28240602999999997,2.7791551700000001,-2.4967491399999999,-531.42458323509197,324.59989711750001,-856.02448035259204,43.643982510000001,47.690761010000003,-4.0467785000000003,-575.06856574509197,276.90913610749999,-851.97770185259196,0,0,0,-36.715916695615199,132.8185751092,-169.53449180481499,-,-,-,-,-,-,95.158281868293699,1.3477159656,8.6618900655999997,-7.3141740999999998,93.810565902693696,-2005.0932988402201,2098.9038647429102,1401.57587424549,-697.32799049741504,2098.9038647429102,848.82663161339201,-203.544104355,-266.64466764500003,63.100563289999997,-,-,-,-,-,-,1052.3707359683899,983.19998890948796,69.170747058904496,-,-,-,-,-,-,259.344636616228,2.13363573592998,2.8400995899999901,-0.706463854070008,257.211000880298,169.271934492849,87.939066387449103,0,0,0,293.40460601587398,-495.91752187834498,0,-211.846599164791,-62.168501355295298,0,-227.81652,5.9140986417406998,789.32212789421897,0,210.510648082919,476.669775695525,0,96.804555000000306,5.3371491157744604,0,-1307.7653083427999,0,0.90647739419998896,1.19281426299999,-1309.8646000000001,0,-414.82356324651897
2014,6.1404,2014Q1,54.768762568760401,5956.9552137148903,-5902.1864511461299,-104.92441524789,5294.2358213920998,-5399.1602366399902,436.73281480204298,4821.8018576881695,-4385.0690428861199,-541.65723004993401,472.43396370392702,-1014.09119375386,51.7311372904,51.992948998899998,-0.26181170850000002,0,0,0,-145.19153426,87.131360970000003,-232.32289523,-442.66037268767002,91.511640225027506,-534.17201291269703,21.21842827,29.425492169999998,-8.2070638999999996,-44.22320251,8.1610929100000007,-52.384295420000001,-0.68539869326275804,7.7314835200000003,-8.4168822132627596,-53.976458270000002,2.2081188300000001,-56.184577099999998,20.489195689999999,45.180871150000002,-24.691675459999999,55.5233964105987,146.08896675,-90.565570339401305,-2.1054537899999999,0.27926039000000002,-2.38471418,-1.7769675,2.72272779,-4.49969529,127.85161277792901,529.10342108249995,-401.251808304571,42.602193720000002,47.47821845,-4.8760247300000001,85.249419057929302,481.62520263250002,-396.37578357457102,0,0,0,31.841565038722301,133.61597124030001,-101.774406201578,-,-,-,-,-,-,-433.14445471788099,1.571265822,6.3522663919999998,-4.7810005699999998,-434.71572053988098,-1896.4217995393001,1461.70607899942,820.05059614811898,-641.65548285130296,1461.70607899942,422.60765234407103,-190.58188529,-245.34448248999999,54.762597200000002,-,-,-,-,-,-,613.18953763407103,486.73585030599202,126.453687328079,-,-,-,-,-,-,223.36959085464599,17.8472319454638,0.30175148000000002,17.5454804654638,205.522358909182,74.780675842777796,130.74168306640499,0,0,0,174.07335294940199,-468.92082950676701,0,-558.79322731141997,-179.08594685192099,0,282.06282299999998,-13.1044783434262,642.99418245616903,0,256.60779049131702,552.883259702901,0,-174.37608900000001,7.8792212619509998,0,-1254.766316688,0,-0.74875246399998796,4.1923357760000002,-1258.2099000000001,0,378.37569214912003
2014.25,6.2366,2014Q2,754.835622509014,6885.1490519897097,-6130.3134294806996,626.48825120041101,6123.2477740329095,-5496.7595228324999,1049.48573574326,5532.1977959700998,-4482.7120602268396,-422.99748454284702,591.04997806281801,-1014.04746260566,50.807975515099997,51.101992259299998,-0.29401674420000001,0,0,0,-142.57446014777,90.756625844530006,-233.33108599229999,-401.50532465246602,109.89332303658701,-511.39864768905301,14.979336438100001,25.821003736200002,-10.841667298100001,-41.995566255500002,11.643191939599999,-53.638758195100003,-1.70938714218999,7.9191913862999996,-9.6285785284899905,-55.432617807699998,1.761804275,-57.194422082700001,23.924702731499998,47.938914739700003,-24.014212008200001,135.65070799527899,241.25545666229999,-105.604748667021,-1.5268934016,0.48351828600000002,-2.0104116876,-3.6159578155999998,2.4749558973000001,-6.0909137128999999,111.473844908679,660.90761407310004,-549.43376916442105,59.878782198899998,69.709943325899999,-9.8311611269999997,51.595062709778603,591.19767074720005,-539.60260803742096,0,0,0,16.873526399923598,100.99366388369999,-84.120137483776404,/,/,/,/,/,/,-577.60036946743401,-6.0102484504999998,6.2072210336999998,-12.2174694842,-571.59012101693395,-1728.82100400218,1157.23088298525,-347.43611312232201,-1504.66699610757,1157.23088298525,252.11373785272099,-285.9160740163,-312.29991277620002,26.383838759900001,/,/,/,/,/,/,538.02981186902105,425.40667516028498,112.623136708736,/,/,/,/,/,/,145.56314101926901,7.2200895788855703,17.256688250100002,-10.036598671214399,138.34305144038399,90.9306966676874,47.412354772696403,0,0,0,-745.11299199431198,-1225.9710116701599,0,-656.94077026908099,-386.67239016420802,0,-176.35296,-6.0048912368688896,480.85801967584598,0,169.14031186771601,216.105872404335,0,92.208675999999798,3.40315940379541,0,-224.15400789461299,0,1.2891582429429,2.0718338624445001,-227.51499999999999,0,-177.23525304157999
2014.5,6.15156666666667,2014Q3,785.048008137804,7318.3646673416297,-6533.3166592038297,765.03424092745297,6589.2920402010304,-5824.2577992735796,1394.37301185769,6061.3199274402796,-4666.94691558258,-629.33877093024205,527.972112760757,-1157.3108836910001,54.892643485599997,55.152622259300003,-0.2599787737,0,0,0,-154.50992443000999,99.982087460390005,-254.49201189039999,-513.15954740440304,115.192981387967,-628.35252879236998,25.7815606124,35.947525887799998,-10.1659652754,-49.7350605086,8.4831252320000008,-58.218185740599999,-0.75312715689004295,12.0496329409,-12.802760097789999,-54.891161375599999,1.2335629824000001,-56.124724358000002,21.336042932000002,49.591381615899998,-28.2553386839,45.026346712861397,147.15756050659999,-102.13121379373899,-1.4444565174999999,0.45252866879999998,-1.8969851863,-1.8820872800999999,2.7291038187000001,-4.6111910988,36.1106937680089,639.47420959709996,-603.36351582909106,74.775313789699993,88.775526734600007,-14.000212944899999,-38.6646200216911,550.69868286250005,-589.36330288419094,0,0,0,-16.096926557657799,89.598417543500005,-105.695344101158,/,/,/,/,/,/,-398.21689081749901,1.0835017542000001,3.5546936205000002,-2.4711918662999999,-399.30039257169898,-1197.29493348545,797.99454091375299,-399.96343202116702,-1197.95797293492,797.99454091375299,264.70978802369098,-376.38505081289998,-462.7222645077,86.337213694799999,/,/,/,/,/,/,641.09483883659095,504.646230130611,136.44860870598001,/,/,/,/,/,/,235.452135855997,-37.710781235423902,1.06515095429999,-38.775932189723903,273.16291709142098,140.086003095378,133.07691399604201,0,0,0,-900.12535590085395,-783.86214088659597,0,-284.37242873583602,-144.691144182892,0,-348.40753699999999,-6.39103096786826,-116.26321501425799,0,398.49866802843599,-575.60306283821501,0,52.486803000000002,8.3543767955204498,0,0.66303944946720095,0,-3.2886570369597801E-2,-3.5736739801631998,4.2695999999999996,0,-386.83111732030397
2014.75,6.1533,2014Q4,765.81338552071497,7273.5412662506897,-6507.7278807299799,926.39439259272103,6622.2446709850901,-5695.8502783923695,1469.82465561814,6022.2932088735297,-4552.4685532553904,-543.43026302541796,599.95146211156305,-1143.3817251369801,55.618288755199998,55.959818498899999,-0.3415297437,0,0,0,-136.87428209730001,104.5577057891,-241.43198788640001,-475.67527816612397,123.838861940463,-599.51414010658698,42.873912023199999,62.355628573700002,-19.4817165505,-42.845616857000003,17.454054542600002,-60.299671399600001,-0.94453533872973905,17.6088474407,-18.5533827794297,-55.073951125400001,1.5603331491000001,-56.634284274499997,28.496521794300001,59.017980249499999,-30.521458455200001,45.3572354933357,154.44905258399999,-109.09181709066399,-1.9097283497999999,0.53305984689999997,-2.4427881967,-2.4528291571,2.6161194966000001,-5.0689486536999997,-142.42400836556899,564.23766004649997,-706.66166841206905,80.295695698900005,93.141317419900005,-12.845621721000001,-222.719704064469,471.09634262660001,-693.816046691069,0,0,0,-18.156998706437101,87.058935219099993,-105.215933925537,/,/,/,/,/,/,-282.77734035118903,3.0280010351,3.2807978210000002,-0.25279678589999999,-285.805341386289,-983.80136532742495,697.99602394113595,-586.26140835708998,-1284.25743229823,697.99602394113595,510.24508936527002,-378.41253293839998,-403.6894293208,25.2768963824,/,/,/,/,/,/,888.65762230367,691.47132696088102,197.18629534278901,/,/,/,/,/,/,219.90960613758801,-95.503977491658702,-32.638983093999997,-62.864994397658698,315.413583629247,213.36051379260201,102.05306983664499,0,0,0,-1316.41610385995,-810.34092186816702,0,-355.93449931907998,-27.424305979510599,0,-444.85854769000002,17.8764311204244,-506.07518199178099,0,-10.456069454723099,-536.67885925621101,0,8.8868105699999695,32.1729361491535,0,300.45606697080001,0,9.9109071399996806E-2,7.08085789939999,293.27609999999999,0,-483.03604516952601
2015,6.23933333333333,2015Q1,751.72812492620005,6076.8345917490396,-5325.10646682284,698.26824366385495,5350.4827228709601,-4652.2144792071003,1186.83897414741,4836.2512063555996,-3649.4122322081898,-488.57073048355699,514.23151651535704,-1002.8022469989101,49.778416083499998,50.130936717099999,-0.35252063360000002,3.5602656179999999,6.6408044750000004,-3.0805388570000001,-97.477520638170105,97.448973456529998,-194.92649409469999,-489.99666048998699,92.004395756827506,-582.00105624681396,18.409904703700001,43.460649912199997,-25.0507452085,-8.6351783285000003,10.1410152402,-18.776193568699998,1.7414422999992899E-3,4.8234915607,-4.8217501183999998,-39.805984520499997,4.7278166885999999,-44.533801209099998,29.3583312429,53.829340050799999,-24.471008807899999,52.9751651284,146.63420144349999,-93.659036315099996,-2.4104366847000001,1.9590398961,-4.3694765807999998,-4.3287740404999999,2.4308513178000002,-6.7596253583000001,68.837420888018102,631.13852149688796,-562.30110060886898,77.329415486399995,91.592767696699994,-14.263352210300001,-10.2949498971818,537.28011624808801,-547.57506614526903,1.8029552987999999,2.2656375520999998,-0.46268225330000001,-15.377539625674,95.213347381199995,-110.590887006874,/,/,/,/,/,/,-120.103268142136,1.7865288745000001,2.3528237345999998,-0.56629486009999996,-121.889797016636,208.77451605398599,-330.66431307062101,-924.27487031934197,-593.61055724872006,-330.66431307062101,447.43967377028201,-220.86063977960001,-176.13860962300001,-44.722030156599999,/,/,/,/,/,/,668.30031354988205,572.181251520101,96.119062029780693,/,/,/,/,/,/,-81.324187744599996,-251.73878797450001,-133.0283587241,-118.7104292504,170.4146002299,61.966081708399997,108.44851852150001,-8.3276061103999997,-10.0973155786,1.7697094682000001,-1282.0627502346199,-110.91381391602,-9.9132802399999997E-2,-83.321832862500202,-184.93604375410001,-26.606529576900002,176.22654769000101,7.8231773898793797,-1171.1489363185999,0,-342.23402987626503,-579.8768031088,5.8118918137,-220.81909157000001,-34.030903577238597,0,802.38507330270602,0,-0.159283729369497,7.1495570320750002,795.39480000000003,0,-631.62485678406404
2015.25,6.19993333333333,2015Q2,676.000515954295,6551.1986375134202,-5875.1981215591204,814.167975069205,5812.2727454287497,-4998.1047703595405,1375.2396209368101,5276.2365690201004,-3900.9969480832901,-561.07164586760905,536.03617640864695,-1097.1078222762601,47.274680605100002,47.756298341700003,-0.48161773660000001,7.2030452157999996,10.3805149234,-3.1774697075999998,-114.12091801664,100.64576246336,-214.76668047999999,-510.67615961725301,113.905003036087,-624.58116265334104,12.725181647499999,38.5888304984,-25.863648850899999,-9.6201440213999998,10.090998860799999,-19.711142882200001,-4.1404861971157096,5.9336077378000001,-10.0740939349157,-59.302555732599998,1.4358060415,-60.738361774099999,29.7288555815,60.0470111606,-30.318155579100001,46.6388020475,143.06054053080001,-96.421738483300004,-1.8949993496999999,1.8550035512,-3.7500029009000002,-4.8869480303000001,2.3367992630000001,-7.2237472932999998,-118.242878373753,650.410259660973,-768.653138034726,73.405072439600005,87.118043804600006,-13.712971365,-193.462847859053,561.14283309107304,-754.60568095012604,1.8148970457,2.1493827652999999,-0.33448571960000001,-19.924580741155602,88.515632423699998,-108.440213164856,/,/,/,/,/,/,-637.50177399473898,1.0687523480000001,1.1656044107000001,-9.6852062700000005E-2,-638.57052634273896,-1303.0282862215299,664.45775987879597,-507.56378457581201,-1172.02154445461,664.45775987879597,297.296145283653,-320.0918840978,-225.60391349279999,-94.487970605000001,/,/,/,/,/,/,617.38802938145295,499.988824191883,117.39920518957,/,/,/,/,/,/,-159.5488199838,-320.56290434490001,-192.6152921904,-127.94761215450001,161.0140843611,149.93836671080001,11.0757176503,1.2558272681,-12.5359709395,13.791798207599999,-646.56693714376502,-518.83078507240805,-4.6438041000000001E-3,-66.604307251500003,-355.79570777319998,-29.5816363426,-45.949514499999403,-20.894975401008299,-127.736152071357,0,167.52254286710499,-178.84596614270001,8.0441095505,-135.7244575,11.267640200443299,-2.1046705329111599E-5,-131.00674176692701,0,-3.7919434053667098,2.4497016384394499,-129.6645,0,-38.498741959556099
2015.5,6.31376666666667,2015Q3,667.65709772766297,6627.4992914238301,-5959.8421936961604,968.33929171779198,6131.1327161648196,-5162.7934244470198,1596.66092764224,5597.6976592408,-4001.03673159855,-628.32163592445295,533.43505692401698,-1161.75669284847,52.079271222099997,52.399242317400002,-0.31997109530000001,6.7996930860000004,9.7589174587999992,-2.9592243728000001,-131.93059200645001,94.268036813150005,-226.1986288196,-571.70701904437306,118.969289491867,-690.67630853623996,11.875575704599999,34.452622954100001,-22.577047249500001,-8.3772419092000003,14.9280470104,-23.305288919599999,-9.1438573329383196E-2,5.1718639534999999,-5.2633025268293796,-54.5837616763,2.9305810624999999,-57.514342738800003,30.7044541641,57.845777363000003,-27.1413231989,43.862343772800003,138.53710032960001,-94.674756556800006,-3.2672501992999998,1.8511799592,-5.1184301584999998,-3.6856704650999998,2.3223982104999998,-6.0080686755999997,-260.02592966108898,402.94950763371099,-662.97543729480003,62.854718987799998,77.336740452100003,-14.482021464300001,-325.10351178598899,323.04691463861099,-648.15042642460003,2.2228631371000001,2.5658525430000001,-0.34298940589999999,-40.6562643290384,93.417067625300007,-134.07333195433799,/,/,/,/,/,/,196.11041058725601,-0.1586559156,0.60568128460000004,-0.76433720019999996,196.26906650285599,982.63728995238205,-786.368223449526,-1409.1274099265599,-622.75918647703895,-786.368223449526,-113.620670997011,-536.72846971490003,-299.97905253170001,-236.74941718319999,/,/,/,/,/,/,423.10779871788799,409.17653950808699,13.9312592098011,/,/,/,/,/,/,-172.11448693509999,-0.67650776950000202,23.9285060411,-24.605013810599999,-171.43797916560001,-57.1016492806,-114.336329885,-14.1515189092,-11.6708437176,-2.4806751916000001,-1109.24073308525,-73.683365275038796,-1.8872506399999999E-2,-260.27375634169999,-308.8112511086,17.435705123599998,-399.93935549999998,877.92416505806102,-1035.5573678102101,0,-509.17036828917298,-375.02590034410002,5.3131847633999998,-140.28802150000001,-16.3862624403415,0,1605.3964764294201,0,0.58135021379552398,-1.303373784375,1606.1185,0,-863.76750831491995
2015.75,6.40273333333333,2015Q4,834.83743174731103,6943.5350938615702,-6108.6976621142603,1097.9321323618799,6307.6363386264702,-5209.7042062645896,1603.17120093067,5717.3487299065,-4114.1775289758298,-505.23906856879398,590.28760871996496,-1095.5266772887601,53.617159139800002,54.071317762600003,-0.45415862280000002,5.2992527029999996,9.2701883290999998,-3.9709356261000002,-123.92516806139,93.58054772301,-217.5057157844,-476.23841314309698,124.80849847045501,-601.04691161355299,21.541040604399999,50.022544183199997,-28.481503578800002,-11.5464113113,14.6028909178,-26.149302229100002,1.1270109762939899,7.4151008567999996,-6.2880898805060097,-55.685358006199998,1.7517968181000001,-57.437154824300002,41.610879805899998,73.767266334200002,-32.156386528299997,45.131173185199998,155.7967828255,-110.6656096403,-4.0567211183999996,1.6489892464,-5.7057103647999998,-2.1135133430000002,3.5516852528,-5.6651985957999997,-212.55980090196499,553.66115537020096,-766.22095627216595,60.275640979000002,74.999206665299994,-14.723565686300001,-273.67899706436498,477.37892634580101,-751.05792341016604,0.84355518340000002,1.2830223591000001,-0.43946717569999999,-50.534899712605501,82.237599864900005,-132.77249957750499,/,/,/,/,/,/,-350.57353601309501,0.46431035590000003,0.9984671275,-0.53415677159999997,-351.03784636899502,206.159595264898,-557.19744163389305,-1503.6554008368,-946.45795920290595,-557.19744163389305,49.871349590865002,-666.22582503390004,-337.03515294099998,-329.1906720929,/,/,/,/,/,/,716.09717462476499,636.50305656461001,79.594118060154699,/,/,/,/,/,/,-251.71312416960001,-159.11164155430001,-95.072859557000001,-64.038781997300006,-92.6014826153,-5.1578334826000001,-87.443649132700003,0.35211195449999999,0.1043632053,0.24774874920000001,-1302.16573821256,-121.224855820006,-9.9999999999999995E-8,-139.904621722,374.90000336989999,6.7739131996999999,-190.00000000000099,-172.994150567605,-1180.9408823925601,0,-541.64144468720701,-532.92346632220006,4.7564798633000001,-126,14.8675487535493,0,1152.6175544677999,0,0.49498848936206902,0.812665978441936,1151.3099,0,-484.26389573421602
2016,6.52523333333333,2016Q1,455.09623268146697,5336.9557344347204,-4881.8595017532598,520.00615017769599,4755.37658173408,-4235.37043155639,1044.6599592919899,4256.0612442260999,-3211.4012849341102,-524.65380911429202,499.31533750798201,-1023.96914662227,43.470091407399998,43.935213808999997,-0.46512240160000001,10.5209688659,14.4245325023,-3.9035636363999999,-92.544269259019998,80.132464256579993,-172.67673351560001,-484.58882759221001,99.0887402116022,-583.67756780381205,8.1200231329000001,30.735970380600001,-22.615947247699999,-27.350611197300001,8.2705043981999999,-35.621115595500001,1.9882635708376399,7.3966999922000003,-5.4084364213623601,-49.114947382899999,2.2179313646000001,-51.332878747499997,35.039592913,62.447931369899997,-27.408338456900001,38.408210621499997,145.95614620379999,-107.5479355823,-3.1543752651000001,1.7645827975999999,-4.9189580626999998,-5.4479289292999997,2.9446202216000001,-8.3925491509000008,-44.9960241162972,502.42173199784298,-547.41775611414096,55.839985703499998,71.117315518300003,-15.2773298148,-101.52857333899701,430.16822117074298,-531.69679450974104,0.69256351920000003,1.1361953088000001,-0.44363178959999999,-19.913893379932102,79.157420702799996,-99.071314082732101,/,/,/,/,/,/,-55.262759021388597,-1.1224274916999999,1.7851284969000001,-2.9075559886,-54.140331529688602,130.170146225585,-184.31047775527401,-1286.87276119835,-1102.5622834430801,-184.31047775527401,-185.76881178279299,-598.84405408989005,-302.07395740609002,-296.77009668379998,/,/,/,/,/,/,413.07524230709703,440.66976283524798,-27.5945205281506,/,/,/,/,/,/,-401.64511813870001,-211.88196229510001,-121.970404891,-89.911557404099995,-189.7631558436,41.4526404175,-231.2157962611,14.6321139411,-14.5108571937,29.1429711348,-714.09094521795805,-277.32540986438698,0,3.1817710239996,-180.7541099785,-17.584197551343799,307.028299,-389.19717235854301,-436.76553535357101,0,42.4747480532073,-371.47940260590002,1.1795503128,-340.00892499999998,231.06849388632199,0,1232.73242966866,0,-0.28167646428451598,-60.206493867053403,1293.2206000000001,0,-399.83347366007803
2016.25,6.5665,2016Q2,590.98497699374104,6118.8078624768996,-5527.8228854831495,730.167022224844,5445.5854131919596,-4715.4183909671201,1246.9346077714099,4935.2696418587002,-3688.3350340872898,-516.76758554656999,510.31577133325999,-1027.08335687983,45.913241530599997,46.201495469500003,-0.28825393890000001,7.9625445514999997,12.2377605645,-4.2752160129999996,-115.78432466443,79.236012481969993,-195.02033714640001,-440.17548226624001,115.47967940789,-555.65516167413,7.4174968726000001,28.699904350499999,-21.282407477900001,-17.009745004900001,11.002038323100001,-28.011783328,2.9346487377008801,7.5345325282999998,-4.5998837905991197,-64.521293096600004,1.8131347658000001,-66.334427862400005,33.378504852600003,64.278820082400003,-30.9003152298,31.2925897356,139.3918987886,-108.099309053,-3.7268685753000002,1.5460270681999999,-5.2728956435000001,-4.4488982197000002,2.8944675025,-7.3433657221999997,-125.569568197351,590.50410025433496,-716.07366845168599,51.642000047300002,66.497126520799995,-14.8551264735,-178.28178750105101,522.67277284193597,-700.95456034298604,1.0702192563999999,1.3342008916000001,-0.26398163520000001,-13.612477033752301,82.718349030599995,-96.330826064352294,/,/,/,/,/,/,-237.74669867677801,-0.30673828240000001,0.43661115340000001,-0.74334943580000001,-237.43996039437801,-1040.4088104116399,802.96885001725798,-582.69002863953403,-1385.65887865679,802.96885001725798,-259.71518731057199,-636.93909585452298,-507.39277692052298,-129.546318934,/,/,/,/,/,/,377.22390854395098,332.240420461084,44.983488082866899,/,/,/,/,/,/,87.656520885630798,-153.24328256679999,-65.222982455500002,-88.020300111300003,240.899803452431,20.171407639130798,220.72839581330001,-39.319235825,-28.647728729299999,-10.671507095699999,-371.312126389593,-566.82877150616901,0,-159.1250690352,-235.09706819670001,52.284681482109903,-107.028299,-117.863016756379,195.516645116576,0,149.14354765397999,13.031249104700001,-1.1642348714999999,33.008925000000097,1.4971370062625999,2.12231332291723E-5,345.250068245156,0,-2.73392287187572E-2,2.0665074738749998,343.21089999999998,0,-353.23827831696201
2016.5,6.66106666666667,2016Q3,720.09578287658303,6580.9430744336496,-5860.8472915570601,748.34766055994601,5796.0357419071797,-5047.6880813472299,1384.1029688620899,5279.9591008982998,-3895.8561320362101,-635.75530830214097,516.076641008877,-1151.83194931102,47.018598502800003,47.374430515,-0.35583201219999999,6.3616321127999997,11.9505882222,-5.5889561093999998,-132.49812056501,85.622106443589999,-218.12022700860001,-549.00411688059205,112.805067912887,-661.80918479347997,8.4396081592000005,28.9003179091,-20.460709749900001,-24.752635966300002,10.431979693300001,-35.184615659599999,2.5089527218609899,7.0618184305999998,-4.5528657087390103,-59.500873017300002,1.9081198819,-61.408992899200001,35.651043463599997,63.578090146100003,-27.927046682499999,39.6968750331,141.38198980129999,-101.68511476819999,-3.1854413447000001,1.9707637931999999,-5.1562051378999998,-6.4908305216000004,3.0913682596999998,-9.5821987813000007,-5.0059760950526897,707.21535977926897,-712.22133587432199,50.698066912800002,67.291710863099993,-16.593643950299999,-56.5787838288526,638.24150767386902,-694.82029150272194,0.87474082099999995,1.6821412423,-0.8074004213,-23.245901588311199,77.691972747199998,-100.937874335511,/,/,/,/,/,/,26.921692270856301,-1.9404931156,0.2690429734,-2.2095360890000002,28.8621853864563,-925.84131991232402,954.70350529878101,-1334.4017099084499,-2289.1052152072298,954.70350529878101,-306.76421905164801,-564.2245991602,-417.80345254940102,-146.42114661080001,/,/,/,/,/,/,257.46038010855301,237.04232881005501,20.4180512984972,/,/,/,/,/,/,-64.571389855336903,-333.96313700533699,-147.12427735013699,-186.8388596552,269.39174715000001,134.7638151932,134.62793195680001,-11.334495067400001,-7.5786482776000001,-3.7558467898000001,-951.73160593406203,-1383.3388307640901,0,-270.72411148430001,-353.61282079860001,-25.134730744624498,-572,-161.86716773656599,431.60722483002797,0,49.1171538585672,101.9049365292,-4.3692760236000003,269,15.9544104658607,0,1363.2638952949001,0,2.8241733502666801,5.2522219446363101,1355.1875,0,-747.01747514743897
2016.75,6.86673333333333,2016Q4,147.193366868152,6518.0546659121201,-6370.8612990439597,558.85004945901301,5982.2269544623296,-5423.3769050033197,1213.1324576654999,5423.8964022366999,-4210.7639445712002,-654.28240820648705,558.33055222562803,-1212.61296043212,47.415912645900001,47.887866611100002,-0.47195396519999999,7.5517711242000001,13.4089884147,-5.8572172905000004,-126.70418126395001,93.280749200949998,-219.9849304649,-583.03518873344001,116.942347578278,-699.97753631171804,17.5900701648,38.269930866599999,-20.679860701799999,-19.3760282798,10.9333868704,-30.3094151502,3.97509105000259,9.7487800948000007,-5.7736890447974103,-55.046732032999998,5.6727705347999997,-60.719502567799999,22.879663219000001,64.0200350028,-41.140371783799999,37.727731805499999,152.83707338089999,-115.10934157539999,-3.9153947908000002,2.1419351247999998,-6.0573299155999996,-3.3451231148999998,3.1866885455,-6.5318116603999998,-373.22633195200399,466.39453788548798,-839.62086983749305,48.543826718699997,63.926636035800001,-15.3828093171,-422.58826196000399,401.01594234198802,-823.60420430199304,0.81810328929999998,1.4519595077,-0.63385621839999995,-38.430350638856297,69.433173564300006,-107.863524203156,/,/,/,/,/,/,538.58710399347297,-7.4415382299999999E-2,0.68862008679999998,-0.76303546909999997,538.66151937577297,-483.76947193490901,1022.43099131068,-956.73804151422701,-1979.1690328249099,1022.43099131068,335.49945644977203,-364.23685843113202,-242.73976850203201,-121.4970899291,/,/,/,/,/,/,699.73631488090405,639.34446809320502,60.391846787698903,/,/,/,/,/,/,-144.14618043350001,-328.6074311072,-48.064659127900001,-280.54277197930003,184.46125067369999,37.772866984399997,146.6883836893,-17.8186980927,-14.759387076299999,-3.0593110164000001,-1130.2726194377999,-1271.56535621028,-1.6304903999999999E-2,-216.1287170992,-333.20222030999997,-12.2271339515028,-636,-73.990979945574196,141.29273677247701,0,-150.11281855195,82.929599929099993,-2.3215249588,200,10.797480354127201,0,1495.39956089,0,0.74728275,-0.53422185999999205,1495.1865,0,-685.78047086162496
2017,6.8755,2017Q1,209.16864889606899,6000.53417024996,-5791.3655213538896,191.080768310049,5255.8797129751601,-5064.79894466512,822.25900083809904,4749.0625584717,-3926.8035576336001,-631.17823252804897,506.81715450346502,-1137.9953870315101,42.259999612199998,42.666217350700002,-0.40621773849999998,9.4376138320000003,13.625816994399999,-4.1882031623999998,-125.89138293427,83.265203351929998,-209.1565862862,-553.742574334648,95.770667081335006,-649.51324141598298,6.5786947454,28.530270251899999,-21.951575506499999,-16.8744537209,7.8982539790999997,-24.772707700000002,3.41707446656828,6.5953160859000004,-3.17824161933172,-56.436501105600001,9.2041754796999999,-65.6406765853,19.896720465000001,65.147901564400001,-45.2511810994,47.128862316000003,147.5643071881,-100.43544487210001,-2.8676249552000002,2.4126444002,-5.2802693553999998,-4.0846609145999997,4.1363807758000002,-8.2210416903999999,49.576491474219402,677.64128690959103,-628.06479543537102,43.4896096724,60.306124486100003,-16.8165148137,4.8889636442194204,615.803948020191,-610.91498437597102,1.1979181576,1.5312144032999999,-0.33329624569999999,-31.4886108882001,67.013170365199997,-98.501781253400097,-8.7259653825000001,18.413847302899999,-27.139812685399999,-22.7626455057001,48.599323062300002,-71.361968568000094,186.79013061705501,-1.2702631579000001,0.76506053389999995,-2.0353236917999999,188.06039377495401,-811.50588027469098,999.56627404964502,162.17473305815,-837.39154099149505,999.56627404964502,30.924822470213801,-299.59837877046698,-315.16668470236698,15.568305931899999,-57.588357897000002,-57.993483658599999,0.40512576160000002,-242.010020873467,-257.17320104376699,15.1631801703,330.52320124068098,337.61643458402699,-7.0932333433463004,14.092700902300001,24.169701408200002,-10.077000505899999,316.43050033838102,313.44673317582698,2.9837671625537001,-38.793088599699999,-180.48366232960001,-68.756822399599997,-111.72683993,141.6905737299,88.086791230800003,53.603782499099999,-1.3091662830999999,-1.7450990159999999,0.43593273290000001,171.352165470736,-355.56440087542802,-0.1010545652,-93.4258787280001,-537.78576009970004,-2.4956926046999999,325,-46.756014877828299,526.91656634616504,0,458.06620292374498,239.91318508110001,2.9316719988000002,-201,27.005506342520199,0,25.885660716804299,0,-0.106013758745699,0.60927447555000003,25.382400000000001,0,-395.95877951312298
2017.25,6.82636666666667,2017Q2,538.01578872860205,6818.7188789748898,-6280.7030902462902,618.61549080041902,6026.65473765146,-5408.0392468510399,1319.8255889924999,5518.2100571787996,-4198.3844681863002,-701.21009819207995,508.44468047266298,-1209.65477866474,44.202503734399997,44.675295968199997,-0.47279223380000002,8.6194865794000002,14.2140833801,-5.5945968006999998,-136.19562428648999,89.538970253309998,-225.73459453980001,-590.09402410232997,90.832656455352804,-680.92668055768297,3.550475026,23.776844679300002,-20.226369653300001,-16.337525469900001,10.1662278471,-26.503753317000001,4.4810543514397496,8.0751482213999992,-3.59409386996025,-65.252428327800004,12.7447213182,-77.997149645999997,23.3930024193,69.639766139499997,-46.246763720200001,35.023508161599999,139.52679151359999,-104.503283352,-5.6400914512,1.5187507481,-7.1588421993000004,-6.9604348265000002,3.7354239484999998,-10.695858775,-40.824506483711502,717.21243019033102,-758.03693667404195,41.356125068700003,56.631973501700003,-15.275848433,-83.256378272811602,659.13556448273096,-742.391942755542,1.0757467204,1.4448922059,-0.36914548549999998,-39.7751955881048,74.851711133099997,-114.626906721205,-16.6595362674,18.4016340049,-35.061170272299996,-23.115659320704701,56.4500771282,-79.565736448904701,-78.503321907574005,0.12719887960000001,0.47518407270000002,-0.34798519309999998,-78.630520787174007,-1175.57713476873,1096.9466139815599,236.98691293282599,-859.95970104873004,1096.9466139815599,-83.022807759714397,-294.044268957226,-287.140897873526,-6.9033710836999997,-30.8715842304,-30.442325715199999,-0.42925851520000002,-263.17268472682599,-256.69857215832599,-6.4741125684999998,211.021461197512,176.10002148274501,34.9214397147664,30.652530897799998,13.5792625977,17.073268300100001,180.36893029971199,162.52075888504501,17.8481714146664,-32.6525317324,-182.7752210829,-29.602331650499998,-153.17288943240001,150.1226893505,61.3074613852,88.815227965299997,3.2117709879,7.4388119289999999,-4.2270409411000003,349.45048143704099,-390.57902293760401,-0.42131482770000001,-154.9794453854,-169.32387528780001,-1.1194100198000001,-29.000000000000099,-35.734977416904599,740.02950437464494,0,516.20605173886804,316.88828273619998,-0.74608692720000003,-138,45.681256826777101,0,-315.61743372000001,0,-0.165616920000004,3.8906831999999998,-319.34249999999997,0,-459.512466821028
2017.5,6.65536666666667,2017Q3,431.50168108907002,7044.4123577140699,-6612.9106766249997,543.23044510742398,6211.9380897381698,-5668.7076446307501,1203.1833103203001,5683.2271078470003,-4480.0437975266996,-659.95286521287505,528.71098189117095,-1188.6638471040501,45.5763846332,46.0278234054,-0.4514387722,9.2010792316999996,15.666323113700001,-6.4652438820000002,-148.43614015436,98.87336735964,-247.30950751399999,-543.39000282039206,93.910211461930899,-637.30021428232305,9.3764392330999993,32.053583333500001,-22.6771441004,-19.999696038100002,10.7598392463,-30.759535284399998,3.0034353233765501,7.9907075442000002,-4.9872722208234501,-57.371422664999997,12.707953551799999,-70.0793762168,12.010463340399999,61.388977088399997,-49.378513748000003,38.981437679999999,143.45307905120001,-104.47164137119999,-4.8650169639999996,1.9585556717999999,-6.8235726357999997,-4.0398260127999999,3.9205610633000001,-7.9603870761,-85.0562157318966,766.30363642500299,-851.35985215690005,33.858714063500003,50.289177589799998,-16.430463526299999,-119.415872167597,714.11806860790296,-833.53394077550001,0.50094237220000004,1.8963902273,-1.3954478551,-26.672548286457701,66.170631550899998,-92.843179837357695,-0.42887456480000102,15.489445528099999,-15.9183200929,-26.2436737216577,50.681186022799999,-76.924859744457706,-97.524956665890997,0.16093345619999999,0.72114156230000004,-0.56020810610000005,-97.685890122090996,-1272.15788989673,1174.4719997746399,201.55195907676799,-972.92004069787595,1174.4719997746399,0.48776662837371998,-325.962586117623,-334.55952018432299,8.5969340666999994,-29.939772570399999,-31.567498270600002,1.6277257002000001,-296.022813547223,-302.99202191372302,6.96920836650001,326.45035274599701,225.540831848924,100.90952089707299,37.519387357699998,35.608927974899999,1.9104593828,288.93096538829701,189.93190387402399,98.999061514272995,352.19477324853301,-239.105853039967,-92.137179430499998,-146.968673609467,591.30062628849998,128.08927622799999,463.21135006050002,8.8079740700000002,14.407301713000001,-5.5993276429999996,-159.938554870139,-422.25890325328498,0,-376.5824943536,205.98101635949999,-3.9252827897999998,-360,112.267857530615,262.32034838314701,0,57.0870898152439,72.528602325600005,3.92612191,238,-109.221465667697,0,-299.23784919885901,0,-0.22370481258534899,5.3635556137267697,-304.3777,0,-333.97672442317901
2017.75,6.5827,2017Q4,708.07514249788198,7607.7680219719196,-6899.6928794740397,817.17229512157701,6798.3010216890998,-5981.1287265675201,1414.1462311879,6211.6382568489998,-4797.4920256611003,-596.973936066325,586.66276484009597,-1183.6367009064199,46.904591828800001,47.326418839600002,-0.42182701080000001,9.8621803739999994,16.1727809974,-6.3106006234000001,-149.25850751350001,101.2350954825,-250.49360299599999,-505.93294589842498,105.077837020796,-611.01078291922101,16.585145092800001,38.144506222700002,-21.559361129900001,-20.8119451534,11.7839948638,-32.5959400172,7.2446654337999998,11.6560688225,-4.4114033887000001,-60.3741034938,13.3734922516,-73.747595745400005,19.632405265100001,72.427373450999994,-52.794968185899997,48.138092813500002,162.52031267460001,-114.3822198611,-6.4918029475000001,1.7432573402,-8.2350602876999996,-2.4717118676999998,5.2016268734000004,-7.6733387411000002,-88.470915529096601,735.82484518142496,-824.29576071052202,30.664230117399999,49.757746987399997,-19.093516869999998,-120.74450673439701,683.97079756302503,-804.71530429742199,1.6093610879,2.0963006310000001,-0.48693954309999998,-20.626237094598899,73.642155101399993,-94.268392195998899,0.67265944260000099,17.4698815221,-16.797222079499999,-21.2988965371989,56.172273579299997,-77.471170116498897,168.53423937916901,6.7170087700000006E-2,0.31335321510000003,-0.24618312740000001,168.46706929146899,-979.96278282363005,1148.4298521150999,494.65487969146898,-653.77497242362995,1148.4298521150999,329.520097856218,-463.32244417607802,-426.05024035897799,-37.272203817099999,-59.577788738400002,-56.438375750600002,-3.1394129878000001,-403.74465543767798,-369.61186460837803,-34.132790829299999,792.84254203229602,666.43764266140295,126.40489937089301,39.182638506899998,16.341862974000001,22.8407755329,753.65990352539598,650.09577968740302,103.56412383799299,14.228778066199901,-345.66714092249998,-137.97846697849999,-207.68867394399999,359.89591898869998,84.605264169099996,275.29065481959998,-7.1740589097000003,-4.7166088678999998,-2.4574500418,158.08006267875101,159.93122154284799,0.92675657810000001,53.876474142687798,66.468638692499994,7.0675724322000004,-130,161.59177969736001,-1.8511588640976999,0,48.0772644733227,-128.73437141190001,0.45687645300000002,89.000000000000099,-10.650928378520501,0,-326.18781039999999,0,-6.8982660000000102,12.0404556,-331.33,0,-876.60938187705096
2018,6.2949,2018Q1,-397.73208761133998,6558.2762068441798,-6956.0082944555197,-249.47939419790899,5854.15492142946,-6103.6343156273697,486.04238338760098,5288.6307491354,-4802.5883657477998,-735.52177758550999,565.52417229406001,-1301.0459498795699,40.183643470699998,40.672946847200002,-0.4893033765,13.1424122773,17.541145374399999,-4.3987330971,-145.81192086602999,97.142288934769994,-242.95420980079999,-630.45889761720196,97.202533480989601,-727.661431098192,10.952183981299999,35.943499860000003,-24.9913158787,-14.972664485499999,8.6615091846999999,-23.634173670199999,3.4087038090220001,7.6420025855000002,-4.2332987764779997,-76.975116840499993,12.8982735421,-89.873390382599993,15.9395330989,70.375464655000002,-54.435931556100002,57.817204770899998,169.87308196629999,-112.0558771954,-4.7739556561000001,2.0980361103999998,-6.8719917664999999,-3.9729035282999998,5.4733897527000002,-9.4462932810000009,-122.215825415482,631.26319246171704,-753.479017877199,28.859082294699999,54.850472381599999,-25.991390086900001,-160.83215165048199,566.06432691411703,-726.89647856459897,9.7572439403000004,10.348393165999999,-0.59114922569999995,-26.0368679979494,72.858092952999996,-98.894960950949397,-0.25680595880000101,19.528505483299998,-19.785311442099999,-25.780062039149399,53.329587469700002,-79.109649508849401,759.965601417524,-1.3349722153000001,0.46112163020000002,-1.7960938455,761.30057363282401,-1037.9622394420601,1799.2628130748799,1023.24829768834,-776.01451538654499,1799.2628130748799,516.73170997019599,-303.06114761068602,-266.71838283978599,-36.342764770899997,-47.687791421100002,-44.765291982699999,-2.9224994384,-255.37335618958599,-221.95309085708601,-33.420265332500001,819.79285758088201,586.36253247283503,233.43032510804699,57.457964253699998,46.659898697099997,10.798065556599999,762.33489332718204,539.70263377573497,222.63225955144699,102.700677204759,-335.16524160064102,-185.51550093660001,-149.64974066404099,437.86591880539999,119.4611580867,318.4047607187,-0.62565907459999903,1.8823291207999999,-2.5079881953999998,404.44156958797998,-139.67045529601899,0,-22.183148453999799,-540.27683986930003,-9.9353830556999991,301,131.72491608298199,544.11202488399897,0,300.137586446005,294.48526473620001,2.3297244099999999,-77.000000000000099,24.159449291793901,0,-261.94772405551203,0,-8.9312077227121894E-2,3.66888802171573,-265.52730000000003,0,-362.23351380618402
2018.25,6.45306666666667,2018Q2,-26.421314634522801,7436.7655825142801,-7463.1868971488002,269.63655726312498,6666.6532716022102,-6397.01671433909,1006.7786316121,6076.9756487819004,-5070.1970171698003,-737.14207434897503,589.67762282031504,-1326.8196971692901,40.8580754953,41.348817076899998,-0.49074158159999998,11.499179458,18.965131833099999,-7.4659523750999996,-175.25638312840701,100.61182118486001,-275.86820431326697,-571.08209603155694,111.597115175055,-682.67921120661197,14.145620076,33.480869138599999,-19.335249062599999,-12.3594188033333,18.111191746700001,-30.4706105500333,2.7076322905220001,8.3842468164999993,-5.6766145259779996,-88.475583151099997,14.5469730731,-103.0225562242,18.838961099900001,76.638965223900001,-57.800004123999997,36.188094248399999,159.39569455099999,-123.2076003026,-5.5346889949999998,2.2918950819999999,-7.8265840769999997,-8.6714669076999993,4.3049019185999997,-12.9763688263,-257.22812382733798,699.48844548316094,-956.71656931049904,20.254540881400001,44.821611175000001,-24.5670702936,-279.359259813238,652.20191542726104,-931.56117524049898,1.8765951045,2.4649188809,-0.5883237764,-38.8297480703093,70.623865428900004,-109.453613499209,-5.5814029187000003,13.8449011304,-19.426304049100001,-33.2483451516092,56.7789642985,-90.0273094501092,475.41936825735797,-0.50621368379999998,0.3014597598,-0.80767344360000004,475.92558194115799,-845.528488192699,1321.4540701338599,715.07567831965002,-606.37839181420804,1321.4540701338599,214.31241831589799,-402.38216916914001,-275.93735405344,-126.4448151157,-50.655256148299998,-43.934780135099999,-6.7204760131999999,-351.72691302084002,-232.00257391834,-119.7243391025,616.69458748503803,415.73896871878702,200.95561876625101,30.846125333,24.063749784599999,6.7823755484000001,585.848462152038,391.675218934187,194.173243217851,609.90662694855405,-42.592263937245797,38.402829183500003,-80.995093120745807,652.49889088580005,213.7918534479,438.7070374379,-18.864493795200001,-15.113159789199999,-3.751334006,-90.278873149602006,-146.29079891862199,-14.909268151099999,-54.065667916800102,34.454513679999998,0.98832061449999997,-174,61.241302854777402,56.011925769020202,0,-69.909474504164294,-7.0855677210000199,-2.8993944565000001,91.999999999999901,43.906362450684597,0,-239.15009637849201,0,-6.5332519856417207E-2,-10.5179638586356,-228.5668,0,-448.99805362283502
2018.5,6.83393333333333,2018Q3,175.743266216839,7805.2222415939696,-7629.4789753771302,164.30983227214301,6912.94818619734,-6748.6383539251901,972.91021118170204,6353.6025659454999,-5380.6923547637998,-808.60037890955903,559.34562025183504,-1367.9459991613901,44.547462977499997,45.475555062600002,-0.92809208509999996,8.7582570626000003,14.9868497349,-6.2285926722999996,-194.209038039787,106.23598735717999,-300.44502539696703,-626.27877446056095,97.772074872255203,-724.05084933281603,6.0016487133999998,27.5268030758,-21.525154362399999,-20.842415034833301,9.8366624347999991,-30.679077469633299,2.6493211672219998,7.5749630271999999,-4.9256418599779996,-70.252544670700004,13.802489594700001,-84.055034265399996,12.3444387513,72.058368711499995,-59.713929960199998,45.8279579521,158.2537912297,-112.42583327760001,-6.1071683070000002,2.3331878918000002,-8.4403561988,-11.039525020799999,3.4888872594000002,-14.5284122802,-4.6204694465533303,822.42021636943798,-827.04068581599097,19.365081598,43.487725559799998,-24.122643961800001,-28.056452311953301,774.17049967063804,-802.226951982591,4.0709012674,4.761991139,-0.69108987160000002,16.0539033912493,69.853839027199996,-53.799935635950703,1.5928120911000001,16.323389271,-14.730577179899999,14.461091300149301,53.530449756199999,-39.069358456050701,170.45930572546399,-1.7139621183,0.37039837329999997,-2.0843604916,172.17326784376399,-1143.4331940710399,1315.6064619148101,142.342102536525,-1173.26435937828,1315.6064619148101,-17.833105032463699,-360.17650740381703,-279.81801675231702,-80.358490651500006,-51.494032571799998,-50.993966910300003,-0.50006566149999998,-308.68247483201702,-228.82404984201699,-79.858424990000003,342.34340237135302,291.90754971980402,50.435852651548899,41.297003980600003,41.507518626500001,-0.21051464589999899,301.04639839075298,250.40003109330399,50.646367297448897,340.94358446270002,-91.790379594800001,-38.393774105399999,-53.396605489400002,432.73396405749997,150.59606994379999,282.13789411369999,-2.5280572050000001,-2.2398542898999998,-0.28820291510000001,-178.240319688711,-719.05761808976297,0,-85.450368157400007,-198.08317506509999,2.1992890617,-487,49.276636071037601,540.81729840105197,0,105.928914616928,47.860229500700001,-1.393899003,325,63.422053286423903,0,29.8311653072385,0,-0.40343276092474001,-0.53030193183686403,30.7649000000001,0,-346.202571942303
2018.75,6.935,2018Q4,489.71922787401201,7672.3635811376598,-7182.6443532636504,694.58448918137901,7076.3396424599996,-6381.7551532786201,1335.0039601386,6455.2190921948004,-5120.2151320561998,-640.41947095722605,621.12055026519795,-1261.5400212224199,46.018438271699999,46.745808869199998,-0.72737059749999999,13.0694599689,20.3540185564,-7.2845585875000003,-153.74969572136001,119.04783016904,-272.79752589039998,-540.97039757933806,97.283289421958102,-638.25368700129604,18.2371361786,38.560256760800002,-20.323120582200001,-18.072024090900001,12.6607183562,-30.732742447100001,3.6745971533717299,9.7489604537000005,-6.0743633003282698,-66.513408189299994,14.365150471,-80.878558660300001,17.778618941000001,81.159293363000003,-63.380674421999998,51.421246542200002,174.05797195279999,-122.63672541059999,-7.8491499329999996,2.8315126233000001,-10.6806625563,-3.4642924990999999,4.3057392677999999,-7.7700317668999999,-229.58112016794101,531.79151116456296,-761.37263133250497,13.1489799777,37.932068626800003,-24.783088649100002,-244.95336426834101,490.51814226486403,-735.471506533205,2.2232641226999998,3.3413002728999999,-1.1180361502,24.715858860574802,64.232427513100006,-39.516568652525201,0.19298018210000101,12.267378478199999,-12.0743982961,24.5228786784748,51.965049034899998,-27.442170356425201,126.422790300008,-2.1309286487999999,1.835031547,-3.9659601958000001,128.55371894880801,-593.47052963881595,722.02424858762402,-153.84183200119099,-875.86608058881495,722.02424858762402,210.17371027117301,-364.645942654968,-306.71579241896802,-57.930150236000003,-57.6968084469,-59.979924131899999,2.2831156849999998,-306.94913420806802,-246.735868287068,-60.213265921000001,574.81965292614098,565.10304340620803,9.7166095199330602,45.919937761,37.0747752121,8.8451625488999994,528.89971516514095,528.02826819410802,0.87144697103306301,15.184366851202,-65.526855212100003,8.3838297975000007,-73.910685009600002,80.711222063302003,122.8302031864,-42.118981123098003,-39.5162362724,-32.684536255799998,-6.8317000166000001,-339.68367285116602,-413.00874646594701,-2.5161176100000002E-2,11.7094933496002,-114.3950111381,1.0207777461,-292.99999999999898,-18.318845247447602,73.325073614780607,0,178.20788005868499,-14.108316245099999,4.0607772199000003,67.999999999999901,-162.83526741870401,0,282.39555094999997,0,0.88567433999999601,5.1176609999991698E-2,281.45870000000002,0,-616.14201817402
2019,6.6994,2019Q1,222.97890144124901,6662.4599974128696,-6439.4810959716197,43.3004317897703,5848.7267581194401,-5805.4263263296698,677.77285755460002,5254.4699997281996,-4576.6971421735998,-634.47242576482904,594.25675839123699,-1228.72918415607,39.952135769999998,40.701421140299999,-0.74928537029999998,25.6169617362,31.350812249600001,-5.7338505134000002,-124.89562922386,110.42914132113999,-235.32477054500001,-575.84530024262199,80.410896513397006,-656.25619675601899,6.7532477505999902,34.8428991543,-28.0896514037,-16.9593611606,9.1489091116000001,-26.108270272199999,2.66292007285282,8.1865106994999994,-5.5235906266471702,-61.720164909099999,18.532793890499999,-80.252958799599995,16.1238052012,76.195051127400006,-60.0712459262,67.304392403999998,178.05053412999999,-110.746141726,-6.9828801737999999,2.0650555412,-9.0479357149999995,-6.4825529897000003,4.3427335122999997,-10.825286502000001,158.03926638311299,753.11579219253395,-595.07652580942101,8.3030490353000008,37.223173276799997,-28.920124241500002,146.643306307313,711.55314676693399,-564.90984045962102,3.0929110405000002,4.3394721487999997,-1.2465611083000001,21.639203268366501,60.617447100900002,-38.978243832533501,-1.1930184759,10.7260931652,-11.919111641100001,22.832221744266501,49.891353935700003,-27.059132191433498,211.03326319448701,-0.26344268529999998,0.92753006540000005,-1.1909727507000001,211.296705879787,-400.11695550563502,611.41366138542105,311.44659137945098,-299.96707000597098,611.41366138542105,230.98898382788499,-308.47464396450198,-262.300323268402,-46.174320696099997,-35.4103877485,-42.428253364299998,7.0178656157999999,-273.06425621600198,-219.87206990410201,-53.192186311900002,539.463627792387,464.73398873577497,74.7296390566122,38.045025357199997,39.769941291899997,-1.7249159347,501.41860243518698,424.96404744387502,76.454554991312193,194.70792347870801,-161.81697998690001,20.5834801727,-182.40046015959999,356.52490346560802,203.7459261116,152.77897735400799,-9.1320662472999992,-7.8236584422000002,-1.3084078051000001,-105.11824967984199,178.14821238763199,0,-249.55924264870501,-149.13359863470001,-10.823494820700001,699,-111.33545150826301,-283.26646206747398,0,36.838711106879998,48.879075120800003,9.1649430027999994,-416,37.850808702045697,0,-100.14988549966399,0,-0.51799932471599697,0.53011382505209903,-100.16200000000001,0,-434.01216463573599
2019.25,6.83413333333333,2019Q2,198.126449619461,7287.3794605613602,-7089.2530109418904,304.04772184050699,6492.9248559854996,-6188.8771341449901,962.37545150740004,5901.3859975031,-4939.0105459957003,-658.32772966689299,591.53885848239497,-1249.86658814929,37.6176324447,38.357348290499999,-0.73971584580000005,18.589497210600001,28.664620774300001,-10.0751235637,-150.55090367616,110.71640884583999,-261.267312522,-527.684247946818,91.501570058355199,-619.18581800517302,18.177377054899999,35.419396458800001,-17.242019403899999,-15.6991487388,11.148028310400001,-26.847177049199999,4.4595558033848404,10.609389606400001,-6.1498338030151602,-79.608329083000001,15.704949082600001,-95.313278165599996,15.0908700965,85.189588490399998,-70.0987183939,31.586054882199999,157.77397286429999,-126.1879179821,-7.5121641560999999,2.4809135107000002,-9.9930776667999996,-2.7939235582999999,3.9726721897999999,-6.7665957481000003,-138.668023786464,725.79733959106102,-864.46536337752502,7.6514994689,34.348680223800002,-26.6971807549,-149.731591995164,686.30189905466102,-836.03349104982499,3.4120687398,5.1467603125999997,-1.7346915728000001,32.746751565418599,68.657264984799994,-35.910513419381402,-0.41770342909999902,9.6417315812000002,-10.0594350103,33.1644549945186,59.015533403600003,-25.851078409081399,-44.643111964187497,-0.5851422704,0.29925324669999998,-0.88439551709999997,-44.057969693787498,-765.14284335561399,721.08487366182601,-120.190367181024,-841.27524084285005,721.08487366182601,67.265267755261604,-354.895823814702,-322.75078791610201,-32.1450358986,-46.985896481799998,-53.211745060600002,6.2258485788,-307.90992733290199,-269.53904285550198,-38.370884477399997,422.16109156996401,376.38237479288603,45.778716777078301,49.339992021299999,40.327512282000001,9.0124797392999998,372.82109954866399,336.05486251088598,36.766237037778303,35.780736069806402,-228.26661463919999,-73.315317102999998,-154.9512975362,264.04735070900603,-131.00094487109999,395.04829558010601,9.6326489660999997,24.7524931385,-15.119844172400001,-232.86901997219101,-282.86529552744702,-14.91,-300.10361268151598,187.38372941590001,4.8447157872000002,-109,-51.0801280490317,49.996275555255799,0,-465.01165104993601,570.15805313650003,4.3976268706999999,-52.000000000000099,-7.5477534020078796,0,76.132397487236105,0,-0.73753332735600297,1.887730814592,74.982200000000105,0,-153.483337655273
2019.5,7.06176666666667,2019Q3,306.341059811869,7621.2348579523596,-7314.8937981404897,421.54573697570601,6849.1353728857202,-6427.5896359100198,1146.3622674788,6251.0347069771997,-5104.6724394984003,-724.81653050309399,598.10066590852398,-1322.9171964116199,37.7573960661,38.899445628599999,-1.1420495625,6.8418372116999997,17.641221696700001,-10.799384484999999,-166.68581990807999,116.30374024232,-282.9895601504,-573.55591854890599,88.671570320003894,-662.22748886890997,9.7297736398999994,33.301494045699997,-23.571720405800001,-14.313441017100001,11.4849945948,-25.7984356119,2.42522370659082,8.0547772302999991,-5.6295535237091796,-70.934187229700001,15.664532809700001,-86.598720039400007,20.509118288500002,91.146321123500002,-70.637202834999997,43.053975308600002,171.37578465569999,-128.32180934709999,-8.7913410540000001,1.8258503317000001,-10.6171913857,-10.853146966700001,3.7309332295000002,-14.5840801962,-137.125745099802,707.50240731083295,-844.62815241063504,6.5250466949000003,35.430166715299997,-28.905120020399998,-146.50130199800199,667.111222428833,-813.61252442683497,2.8505102032999998,4.9610181666999997,-2.1105079633999999,21.9210679359655,64.597077755800001,-42.676009819834498,1.6983098447,10.3001396928,-8.6018298480999995,20.222758091265501,54.296938062999999,-34.074179971734502,-68.047959495166893,-2.4023852957999998,0.36904255260000002,-2.7714278484000001,-65.645574199366905,-681.22314513003596,615.57757093066903,-220.00773932791199,-835.58531025858099,615.57757093066903,-68.619265686000404,-325.31539705970198,-263.58971408110301,-61.725682978599998,-70.039137245199996,-68.458914978699994,-1.5802222665000001,-255.27625981450299,-195.13079910240299,-60.145460712099997,256.69613137370197,241.29096566906301,15.4051657046393,37.019716566500001,42.870460428500003,-5.8507438619999999,219.67641480720201,198.42050524056299,21.2559095666393,200.00093878901501,-241.78721539380001,-77.845649366999993,-163.94156602679999,441.78815418281499,114.29669054679999,327.491463636015,-10.3341525415,9.0043601753000004,-19.3385127168,-341.05525988942702,-277.48705798037798,0,-138.964112041693,171.3652892929,-0.25599118119999997,-274,-35.632244050384799,-63.568201909048298,0,-59.853888080715898,-123.5689063049,-1.2844309597000001,144,-22.8609765637325,0,154.362165128545,0,-1.8402624713454601,-3.4419724001090901,159.64439999999999,0,-238.29310031670201
2019.75,7.01016666666667,2019Q4,301.65234921129701,7733.1350102693696,-7431.4826610580703,549.54908251440099,7119.2053823588603,-6569.6562998444597,1143.4227056882701,6459.5101122339702,-5316.0874065457001,-593.87362317386805,659.695270124888,-1253.56889329876,38.2938545576,39.471222560199998,-1.1773680026,13.6845511466,24.118372430499999,-10.4338212839,-147.67850027850699,124.28209261486001,-271.96059289336699,-510.80232248305299,97.733956111828107,-608.53627859488097,16.3420017752,40.752254680699998,-24.410252905499998,-15.2570530744,16.2197823823,-31.476835456700002,5.5343627861908198,12.219807210000001,-6.6854444238091801,-65.394924032800006,16.144783741200001,-81.539707773999993,28.194478314400001,96.944103931800001,-68.7496256174,52.091995989600001,184.806835511,-132.71483952139999,-8.0698789019999992,3.1798821676000002,-11.2497610696,-0.81218897269999901,3.8221767829000002,-4.6343657556000002,-274.09006741419699,548.72742567760804,-822.81749309180498,8.5319142241999995,35.575806329300001,-27.043892105099999,-283.96599063259703,509.67823319840898,-793.64422383100498,1.3440089942,3.4733861499000001,-2.1293771556999999,26.193334111093002,65.202202232900007,-39.008868121806998,0.4910307948,9.6973400581,-9.2063092632999997,25.702303316293001,55.504862174800003,-29.802558858506998,164.36848350182399,-2.20045372E-2,0.58445146849999996,-0.60645600570000002,164.39048803902401,-758.83349087141903,923.22397891044398,101.826687799024,-821.39729111141901,923.22397891044398,272.96323775040401,-380.41413516109299,-241.059174734393,-139.35496042669999,-22.3356111451,-27.105601303699999,4.7699901585999998,-358.07852401599303,-213.95357343069301,-144.12495058530001,653.37737291149699,540.12170624796897,113.255666663528,59.4155599228,36.198291423400001,23.217268499399999,593.96181298869703,503.92341482456902,90.038398164127997,148.986855518851,-262.31768957029999,-162.7448637478,-99.572825822499993,411.30454508915102,262.01881937360002,149.285725715551,-13.715986923299999,-12.0065700661,-1.7094168571999999,-306.40741854693101,-166.65889631392699,0,-328.87004397769402,50.007457811800002,-5.4456748810000004,52,65.6493647329672,-139.748522233004,0,-69.3157616512365,-70.070509661800003,5.7493065234999996,36.499999999999901,-42.611557443467703,0,62.563800239999999,0,-1.86147072,0.91767096000000803,63.507599999999996,0,-466.02083271312102
2020,7.0026,2020Q1,-522.51501318229998,5582.3310114542001,-6104.8460246365003,-379.63022802969999,5209.7417182317004,-5589.3719462613999,134.78824775839999,4688.2519631290997,-4553.4637153706999,-514.41847578809995,521.48975510260004,-1035.9082308907,33.322732078400001,34.510007776899997,-1.1872756984999999,13.247156057,19.3465397304,-6.0993836734000002,-116.71526599880001,103.1412904438,-219.85655644260001,-438.70584063109999,23.2924297677,-461.9982703988,2.5958946963999998,23.846990959300001,-21.251096262899999,-32.040819524900002,8.1468834457000003,-40.1877029706,2.7018606557,10.9829350471,-8.2810743914000007,-50.903247247700001,22.103670665799999,-73.006917913500004,5.7187794873,85.2511180491,-79.532338561800003,76.951042232600003,183.60155038849999,-106.6505081559,-4.5503262656999999,2.1961276866000001,-6.7464539522999996,-6.0404413272999999,5.0702111416999998,-11.110652469,-146.5189620731,298.34136544220001,-444.86032751530001,3.0530940032,34.615542316400003,-31.562448313200001,-151.0890607302,260.01278536730001,-411.10184609750002,1.5170046538999999,3.7130377585000001,-2.1960331046000001,3.6341769204999999,74.247927780300003,-70.613750859800007,-1.4173350279000001,8.1904749405999997,-9.6078099684999998,5.0515119484,66.057452839700005,-61.0059408913,116.13448162909999,-0.92754903479999995,0.20034580860000001,-1.1278948434,117.0620306639,-599.54215969220002,716.60419035610005,-136.0896593361,-852.69384969220005,716.60419035610005,95.573992674600007,-351.37553757889998,-297.14443293199997,-54.2311046469,-37.548976634600002,-39.505079895000001,1.9561032603999999,-313.82656094430001,-257.63935303699998,-56.187207907299999,446.94953025349997,392.57590016199998,54.373630091499997,31.133758245599999,42.379903374199998,-11.2461451286,415.81577200790002,350.19599678780003,65.619775220099996,-512.09737079130002,-449.80499186830002,-361.71743158570001,-88.087560282599995,-62.292378923000001,-97.322274715000006,35.029895791999998,-42.892588755200002,-31.141996277600001,-11.7505924776,323.32630753580003,-20.371323967399999,0.62,-30.839927912299999,-391.23473913700002,-13.091814578799999,466.7051533563,-52.5299956956,343.6976315032,0,407.85333564140001,153.42170988500001,6.9159514585000004,-375.35688922780002,150.87729324610001,-1.37695E-2,253.15169,0,1.08,3.74,248.33169000000001,0,406.3805315532
2020.25,7.08663333333333,2020Q2,910.91595723420005,7405.7140590605004,-6494.7981018262999,1208.7589668685,6571.3037585915999,-5362.5447917231004,1537.00768646034,6037.6644393400002,-4500.6567528796604,-328.24871959183997,533.6393192516,-861.88803884343997,31.249687048599998,32.172536379500002,-0.92284933089999999,7.6427608843000003,16.8471398151,-9.2043789308000008,-73.71922139694,140.9999554437,-214.71917684063999,-227.07235310280001,18.236149981299999,-245.30850308410001,12.0948516007,29.488704348799999,-17.393852748099999,-31.060115999099999,7.6421189954999997,-38.702234994599998,2.3588233012000002,12.0680965469,-9.7092732457000004,-78.792170995399999,22.358874843700001,-101.15104583909999,9.0810721098999991,92.694860082299996,-83.613787972400004,19.921378702399998,148.78635099179999,-128.86497228939999,-4.8503467208000002,2.3175737757000001,-7.1679204964999998,4.8969149760999997,10.026958047300001,-5.1300430712000002,-309.45431786210003,752.92169881960001,-1062.3760166817001,3.4928924658999998,35.3582731873,-31.865380721400001,-318.79386082500002,710.13925870169999,-1028.9331195267,5.8466504969999997,7.4241669306000002,-1.5775164336,11.6113082278,81.488601649299994,-69.877293421499999,1.1480813717,8.9829454763999994,-7.8348641047000003,10.4632268561,72.505656172900004,-62.042429316800003,-357.31863484740001,-0.13736808180000001,0.35459949909999999,-0.49196758089999998,-357.18126676560001,-1607.5219125352,1250.3406457696001,-164.47468676560001,-1414.8153325352,1250.3406457696001,61.013655809200003,-409.52513226970001,-354.26691966380002,-55.258212605899999,-74.705703759299993,-81.440012431100001,6.7343086718,-334.81942851039997,-272.82690723270002,-61.9925212777,470.53878807889998,408.01752298730003,62.5212650916,30.229983879500001,24.475983466399999,5.7540004131,440.30880419940002,383.54153952090002,56.767264678499998,442.68889206400002,-188.8006404079,-100.7388963726,-88.061744035299995,631.48953247190002,293.11728774649998,338.37224472539998,-46.733973543099999,-34.823286862899998,-11.9106866802,-621.4432610957,-781.66627299469997,-0.48734,-325.48670479430001,-216.94989963539999,-15.823766686100001,-154.70293621880001,-68.215625660100002,160.223011899,0,33.3617625129,79.009256248,4.7049756645,-25.440906612999999,68.574260086600006,1.3664000000000001E-2,-192.70658,0,0.64512000000000003,-15.4,-177.95169999999999,0,-553.59732238679999
2020.5,6.87046666666667,2020Q3,893.02811245090004,8326.5858076683999,-7433.5576952174997,1170.3572489031999,7464.0777856711002,-6293.7205367678998,1567.9619503930101,6893.9446905775003,-5325.9827401844896,-397.60470148981,570.13309509359999,-967.73779658341005,29.630245906500001,31.153017478199999,-1.5227715717000001,11.2471827848,19.900150975799999,-8.6529681909999994,-113.87884505321,143.03582537360001,-256.91467042681001,-285.77917969750001,27.1877634881,-312.96694318559997,11.882278814699999,30.686394680500001,-18.8041158658,-22.2771529915,6.6591395413000001,-28.9362925328,2.3844101668,12.772831435400001,-10.3884212686,-87.651526973100005,17.837745605999999,-105.4892725791,28.487885500000001,103.3208395985,-74.832954098499997,43.042488626299999,171.18501487719999,-128.1425262509,-4.3754157299000003,2.8280613486999999,-7.2034770785999997,-10.3170728437,3.5663106902999999,-13.883383534,-304.15912470630002,766.2073893063,-1070.3665140126,-0.3957814824,39.303111890799997,-39.698893373200001,-311.77814194519999,716.63438541779999,-1028.412527363,8.0147987213,10.2698919977,-2.2550932763999998,26.829988254,96.300632691000004,-69.470644437000004,2.9032203893999999,12.3760707239,-9.4728503345000004,23.926767864599999,83.924561967100004,-59.997794102500002,-178.4724149912,-0.1162073679,0.48758593839999997,-0.60379330630000005,-178.35620762330001,-2074.8283336719001,1896.4721260486001,-80.774157623299999,-1977.2462836719001,1896.4721260486001,229.21401935950001,-413.80631766179999,-376.72927337070001,-37.077044291100002,-82.565686232100006,-83.797662066900003,1.2319758348000001,-331.24063142969999,-292.93161130380003,-38.309020125899998,643.02033702129995,557.64927139329995,85.371065627999997,44.129307806900002,11.9970498104,32.132257996500002,598.89102921439996,545.65222158289998,53.238807631500002,593.25041415500004,-310.83503148160003,-281.5554281432,-29.279603338400001,904.08544563659996,202.43246467489999,701.6529809617,-22.143736815299999,-7.8237661118000004,-14.319970703499999,-881.09485432250005,-1244.7811684167,-3.7366600000000001,-446.47105322900001,-467.02959216020002,-12.8737320141,-312.76286145270001,-1.9072695607000001,363.68631409419999,0,322.84679860099999,-124.8795434134,7.5537647417000002,257.65116511539998,-99.485870950500001,0,-97.582049999999995,0,-2.1341199999999998,-0.66493999999999998,-94.782989999999998,0,-714.55569745970001
2020.75,6.59763333333333,2020Q4,1206.9273828575999,8889.5595689376005,-7682.6321860799999,1586.2400938582,8143.8566045154002,-6557.6165106571998,1871.2719110083999,7480.2851271953004,-5609.0132161868996,-285.03181715020003,663.57147732010003,-948.60329447030006,32.884495429600001,34.2606999817,-1.3762045520999999,10.9581451308,20.6117478237,-9.6536026928999998,-75.599065726500001,179.71373375510001,-255.3127994816,-259.44039210599999,30.788669014300002,-290.2290611203,18.671895962899999,41.964056195600001,-23.292160232699999,-8.8134626781000005,7.4200860585999999,-16.233548736700001,0.82615432680000001,12.5568575221,-11.7307031953,-75.530851566899997,23.528457702400001,-99.059309269300002,21.038873470399999,108.5710175386,-87.532144068199997,55.139079770599999,194.90789347379999,-139.76881370320001,-6.1255879537000002,2.8375658704000002,-8.9631538241000008,0.95889878989999999,6.4106923837999998,-5.4517935938999997,-421.79187442580002,637.55443478500001,-1059.3463092108,-4.3094622018999997,37.866061541800001,-42.175523743699998,-422.3700630532,592.62612044989999,-1014.9961835031,4.8876508293000001,7.0622527932999999,-2.1746019639999998,42.479163425199999,108.1485296372,-65.669366212,1.3289033566999999,12.0700276249,-10.7411242682,41.150260068500003,96.078502012300007,-54.928241943800003,-481.07118337460003,0.42347451809999997,0.64031070879999996,-0.21683619069999999,-481.49465789269999,-2469.9539130121002,1988.4592551194,-230.12662789269999,-2218.5858830121001,1988.4592551194,607.94640936140001,-362.5010958707,-318.68798000340001,-43.813115867299999,-42.145367281200002,-33.606893596799999,-8.5384736843999995,-320.35572858950002,-285.08108640659998,-35.274642182900003,970.44750523209996,849.81347680140004,120.6340284307,65.779441949499997,30.559246809899999,35.220195139600001,904.66806328259997,819.25422999149998,85.413833291100005,431.54826399929999,-562.91457335719997,-569.82020360820002,6.9056302509999998,994.46283735650002,405.1198577376,589.34297961890002,3.5578730768,23.1463488811,-19.5884758043,-1273.1791743302001,-1316.3165626652999,-1.3360000000000001,-659.77861938900003,-276.68630031700002,10.1584665775,-370.39997078509998,-18.274138751700001,43.137388335099999,0,158.30582196419999,-290.2475184155,11.8440307247,221.30769664830001,-58.072642586599997,0,-251.36803,0,-3.2801200000000001,-10.88951,-237.19839999999999,0,-725.85619948299995
2021,6.48326666666667,2021Q1,762.36459609309998,8568.2646941131006,-7805.9000980199999,929.95097289080002,7668.7319378584998,-6738.7809649677001,1230.6820647538,6947.2370568877004,-5716.5549921338998,-300.73109186300002,721.49488097079995,-1022.2259728338,32.057289047799998,33.496376613599999,-1.4390875658,10.609049412299999,17.929137916199998,-7.3200885039000001,-81.494533103199998,233.0057175778,-314.50025068100001,-242.36861873679999,26.508598065499999,-268.87721680229998,4.5395842041999996,28.899898154700001,-24.3603139505,-40.378966972400001,11.783065004999999,-52.162031977399998,0.49419152249999998,11.459645568599999,-10.9654540461,-69.9320081937,27.990938777699998,-97.922946971399995,11.927348650600001,114.9698788172,-103.0425301666,85.630836337900007,208.8754792986,-123.24464296070001,-3.4226453805000001,3.0779734784000001,-6.5006188589000002,-8.3926186516999994,3.4981716975000001,-11.8907903492,-191.23935042100001,794.31927839180003,-985.55862881279995,-11.5735403318,42.682138230900001,-54.255678562699998,-183.70234056460001,746.18253386430001,-929.88487442890005,4.0365304754000002,5.4546062965999997,-1.4180758212,23.652973623299999,105.2134778628,-81.560504239500005,2.6531186492000001,13.273348626900001,-10.620229977699999,20.9998549741,91.940129235900002,-70.940274261799999,-775.06219247509898,-0.37503171860000001,0.25462037809999999,-0.6296520967,-774.687160756499,-2997.4921002828,2222.8049395263001,-428.00014075649898,-2650.8050802828002,2222.8049395263001,573.88776919910003,-378.95243410649999,-353.27628749339999,-25.676146613099998,-80.099849313700005,-91.185811573999999,11.085962260300001,-298.85258479279997,-262.09047591939998,-36.762108873400003,952.84020330559997,876.98945017719996,75.850753128400001,26.030662268899999,53.992816971300002,-27.962154702399999,926.80954103670001,822.99663320590003,103.8129078308,-129.26917637060001,-727.95979789490002,-597.1176729965,-130.84212489839999,598.69062152430001,103.0830345295,495.60758699479999,37.834268499899999,54.376591231900001,-16.542322731999999,-910.45300208489903,-1598.2694395133001,-0.04,-493.99631264279998,-980.48944426130004,-15.319497871499999,113.87592655770101,-222.3001112954,687.81643742840004,0,458.54664757500001,120.8933153875,10.6100948812,-1.60401188089992,99.384799465599997,-1.4408000000000001E-2,-346.68702000000002,0,1.6191199999999999,4.9244500000000002,-353.23059000000001,0,12.697596381999199
2021.25,6.4328,2021Q2,554.86782915009996,9535.3808093112002,-8980.5129801611001,851.37781427640004,8394.0525754575992,-7542.6747611811998,1126.8251168324,7622.0198521886996,-6495.1947353563,-275.44730255600001,772.03272326889999,-1047.4800258248999,33.386943451299999,35.063258163199997,-1.6763147118999999,7.5129798031000004,17.4390644669,-9.9260846637999993,-93.084413450400007,265.73484717790001,-358.81926062830001,-202.00396787029999,30.631737554000001,-232.6357054243,13.282821180199999,36.294730504699999,-23.011909324499999,-32.191068839099998,13.8762362534,-46.0673050925,-2.6919394072,9.2766413524000004,-11.9685807596,-86.896300481799997,31.221257121899999,-118.11755760370001,29.323946225099998,127.40915620219999,-98.085209977100007,65.144188020599998,197.37538478350001,-132.2311967629,-6.2041938311999996,3.5242640223000001,-9.7284578535000001,-1.0262973563,4.1861456664999999,-5.2124430227999996,-335.52265439860003,1022.8179645705,-1358.3406189691,-1.5075905357999999,43.7421132331,-45.249703768899998,-340.81970426330003,970.47545661490005,-1311.2951608782,6.8046404005000003,8.6003947225000008,-1.7957543220000001,39.012669272300002,118.5102692831,-79.497600010799999,4.5403923515000004,14.1679240922,-9.6275317407000003,34.472276920799999,104.34234519090001,-69.870068270100006,-371.18267444639997,0.27899228739999998,0.5226936928,-0.24370140539999999,-371.46166673379997,-2368.4214366206002,1996.9597698867999,128.48477326619999,-1868.4749966206,1996.9597698867999,320.83087830459999,-466.54676512690003,-371.00914677610001,-95.537618350800003,-116.7796571997,-94.552449019500003,-22.227208180200002,-349.76710792720002,-276.45669775660002,-73.310410170599994,787.37764343150002,754.22079230659995,33.156851124900001,38.690224071300001,18.626081299700001,20.0641427716,748.68741936020001,735.59471100689996,13.092708353300001,21.669068835200001,-268.86016849079999,-128.1850002882,-140.67516820259999,290.52923732599999,282.53543889389999,7.99379843210001,19.136432878299999,41.065994532399998,-21.929561654099999,-233.1516067519,-1174.1340575352999,-3.5,-378.10662801849998,-540.52302062880005,-17.080580405100001,-155.50029800569999,-79.423530477200003,940.98245078340005,0,464.93684658450002,221.65203807329999,12.3332374885,161.21485600759999,80.845472629499994,0,-499.94644,0,-0.76834000000000002,-0.30969999999999998,-498.86840000000001,0,-183.68515470369999
2021.5,6.4555,2021Q3,923.0535093835,10168.470854310501,-9245.4173449270002,1142.8802400157999,9210.8373679078995,-8067.9571278921003,1441.1257089199,8337.0704541482992,-6895.9447452284003,-298.24546890409999,873.76691375960002,-1172.0123826637,33.8070500886,35.846298640900002,-2.0392485523000001,10.097941003300001,20.400895375899999,-10.3029543726,-34.256866288799998,359.29307806290001,-393.54994435169999,-280.12593688549998,27.140291643200001,-307.26622852870003,14.8590671816,40.113222758200003,-25.254155576599999,-38.490246875099999,11.4739207938,-49.964167668899996,2.4803766003000001,11.8536801167,-9.3733035164,-103.4240177057,26.685876160799999,-130.10989386649999,24.096762203899999,123.2233437231,-99.126581519200002,82.464652704700001,210.07980769939999,-127.61515499470001,-3.7249324935999999,3.7169479684,-7.4418804620000003,-6.0293184377999998,3.9395508163000001,-9.9688692540999995,-254.58264231679999,840.48045190009998,-1095.0630942169,-1.8795042876000001,40.563875938000002,-42.443380225600002,-263.56058451439998,787.32902230900004,-1050.8896068234001,10.857446485200001,12.587553653100001,-1.7301071679,34.755911684499999,117.15303450250001,-82.397122818,2.2807638251000002,13.140872122099999,-10.860108297,32.475147859400003,104.0121623804,-71.537014521000003,-473.26049260460098,1.0832693462,1.3241971413,-0.24092779510000001,-474.34376195080102,-1468.7024532836001,994.35869133280005,139.352598049199,-855.00609328360099,994.35869133280005,353.58181509619999,-417.06884562430002,-342.91425430309999,-74.154591321200002,-95.441775644900005,-75.441872443099996,-19.999903201799999,-321.62706997940001,-267.47238185999998,-54.154688119399999,770.65066072050001,574.27040119419996,196.38025952629999,58.123640586999997,59.461973848,-1.3383332610000001,712.52702013349995,514.80842734620001,197.7185927873,248.80342313009999,-11.0071542809,46.192748923800004,-57.1999032047,259.810577411,56.034959851799996,203.77561755919999,20.340882842199999,35.259280718500001,-14.9183978763,-483.37352301930099,-462.18937409690102,0,-167.3840657957,-45.135063271199797,-6.7171508187000004,-216.816897396201,-26.1361968151,-21.184148922399999,0,-281.58578411309998,-190.35669901829999,7.8532032746000002,53.3672676614,-26.588180927,416.12604420000002,-613.69636000000003,0,-419.28165999999999,2.0396999999999998,-196.45439999999999,0,-449.79301677889902
2021.75,6.3737,2021Q4,1288.5716117196,11041.2962704618,-9752.7246587421996,1690.7339004104999,10278.6928991777,-8587.9589987672007,1828.4265713069001,9252.0553152210996,-7423.6287439141997,-137.69267089639999,1026.6375839566001,-1164.330254853,35.5032038951,37.472797014100003,-1.969593119,12.3013383479,22.972413566899998,-10.671075219,28.385605377699999,428.03302069170002,-399.647415314,-256.08871236149997,29.018766125399999,-285.10747848689999,24.0971304951,48.839946791499997,-24.742816296400001,-32.367278456100003,12.901904379799999,-45.269182835899997,1.2673995647,13.201293874399999,-11.933894309699999,-91.137002782799996,31.659573782500001,-122.7965765653,41.756026268600003,141.5766268683,-99.820600599700001,105.7859560224,252.97491893259999,-147.18896291019999,-5.0765475913999998,4.0774600007000004,-9.1540075920999993,-2.1197896760999999,3.9088619286999999,-6.0286516048000003,-463.41663764330002,615.53765081150004,-1078.9542884548,1.1354223299999999,44.196306163999999,-43.060883834000002,-470.09373855429999,564.15354323609995,-1034.2472817903999,5.5416785810000002,7.1878014113999997,-1.6461228304,61.254348952400001,147.06572047259999,-85.811371520199998,-0.42847329229999997,13.032411919999999,-13.460885212299999,61.682822244699999,134.0333085526,-72.350486307899999,-564.69573729084595,-5.0312593400000001E-2,0.49758699569999998,-0.54789958910000003,-564.64542469744595,-2114.4373064671499,1549.7918817697,-142.715424697446,-1692.5073064671501,1549.7918817697,404.4719081961,-525.40935497110002,-457.07771128730002,-68.331643683799996,-90.320976008800002,-76.814247901499996,-13.506728107300001,-435.0883789623,-380.26346338579998,-54.824915576499997,929.88126316720002,800.76852191529997,129.11274125189999,125.1329584547,54.196448031599999,70.936510423100003,804.74830471250004,746.5720738837,58.176230828800001,372.45525290990003,-244.79662291529999,-168.2110673832,-76.585555532100003,617.25187582520005,387.35503633119998,229.89683949400001,25.0563851398,40.119820320999999,-15.063435181199999,-944.69897094324597,-962.42114890174696,-2.0099999999999998,-622.00684943880003,168.487934015153,-4.3783422527000004,-352.41606706549999,-150.0978241599,17.722177958500499,0,21.155786029800002,-56.436878723600003,2.2212923807,120.7896867206,-70.007708449000006,0,-421.93,0,2.73,-5.89,-418.77,0,-723.87587442875395
2022,6.33606666666667,2022Q1,961.96792480429895,9705.0957722414005,-8743.1278474370993,1271.8354671950001,8969.3809896456005,-7697.5455224506004,1402.9625148600001,7978.6455535841997,-6575.6830387241998,-131.12704766499999,990.73543606140004,-1121.8624837263999,32.2543865385,34.328235619200001,-2.0738490807000001,8.5827167072999995,18.311510118000001,-9.7287934106999998,33.666665364499998,424.4972903565,-390.83062499200003,-274.39705611720001,23.182834151800002,-297.57989026899997,9.4027665968999994,30.880882005299998,-21.478115408400001,-31.6004961167,12.3257719941,-43.926268110800002,2.4719671406999999,12.129585371499999,-9.6576182308000007,-77.502536576899999,32.0441419848,-109.54667856170001,46.375005397999999,148.56563711300001,-102.19063171499999,122.1601467572,246.59235046250001,-124.4322037053,-1.8600402188,3.4829111107999999,-5.3429513296,-0.68057313850000001,4.3942857739000001,-5.0748589123999999,-346.29022747030001,623.95450303600001,-970.24473050630002,-7.8770438126000002,46.089451304500002,-53.966495117100003,-342.21573187849998,572.23446079070004,-914.45019266919996,3.8025482207999999,5.6305909408000003,-1.82804272,36.422685079600001,111.7602795598,-75.337594480199996,-0.2332464638,12.625549641099999,-12.8587961049,36.655931543400001,99.134729918700003,-62.478798375300002,-764.87254875220003,-2.5748673907000001,0.68007873559999998,-3.2549461263000001,-762.29768136150005,-1207.5761814246,445.27850006310001,-369.05768136149999,-814.3361814246,445.27850006310001,488.34494628269999,-583.71976762559996,-354.32869957809999,-229.3910680475,-95.672430615600007,-68.4857239472,-27.186706668399999,-488.04733700999998,-285.84297563090001,-202.20436137909999,1072.0647139083001,862.17486237289995,209.8898515354,68.088428979900002,42.740022969899996,25.348406010000001,1003.9762849284,819.43483940299996,184.54144552540001,-785.42182444210005,-413.15075776769999,-143.7762979213,-269.37445984639999,-372.2710666744,-55.5726015511,-316.69846512330002,-57.479980125399997,-20.1514397999,-37.328540325500001,-14.5008230767,202.6857837686,0,66.146095455700006,-82.070487211300005,-18.0716353123,324.41023193960001,-87.728421103100004,-217.18660684529999,0,-88.278251670299994,-20.617246357300001,12.5870506527,-204.36671381849999,83.488554348099996,0,-393.24,0,-0.95,2.1800000000000002,-394.47,0,-197.095376052099
2022.25,6.6592,2022Q2,839.70862019579999,9924.3809737885003,-9084.6723535926994,1524.8092983622,9270.4129347758007,-7745.6036364135998,1710.1324421744,8358.8132649692998,-6648.6808227949005,-185.32314381219999,911.59966980649995,-1096.9228136187,33.273351104299998,35.299414407699999,-2.0260633034,9.3562048864000005,19.142100339300001,-9.7858954529000002,-50.659616640199999,379.81588740789999,-430.47550404809999,-213.15351406420001,21.863681386700001,-235.0171954509,18.413284391299999,35.501100694999998,-17.087816303699999,-34.5965752651,6.9764310697000003,-41.573006334799999,2.4086312343,12.137021906599999,-9.7283906722999998,-81.680809656999998,30.867363259499999,-112.54817291649999,46.552458045000002,141.7312844759,-95.178826430900003,95.519124872899994,219.29342070620001,-123.7742958333,-1.9971329690999999,3.5375143218999998,-5.5346472909999997,-8.7585497508000003,5.4344498301000002,-14.1929995809,-742.63940473340006,533.83735177649999,-1276.4767565099,1.3776590227000001,44.896048526500003,-43.518389503800002,-752.73723506090005,478.1341224917,-1230.8713575526001,8.7201713047999991,10.807180758299999,-2.0870094534999999,57.538726566999998,120.1306872362,-62.591960669199999,2.9060160222999998,11.4437489345,-8.5377329121999992,54.632710544699997,108.6869383017,-54.054227757,-337.92667051429999,0.36366048379999999,0.62826027529999995,-0.26459979150000001,-338.29033099809999,-380.66894378159998,42.378612783500103,-528.02033099810001,-570.3989437816,42.378612783500103,1.25208757509998,-376.39568590729999,-315.46180412810003,-60.9338817792,-72.394248638199997,-61.440097226699997,-10.9541514115,-304.00143726909999,-254.02170690139999,-49.9797303677,377.6477734824,339.62033247009998,38.027441012300002,29.131771476099999,18.0348590778,11.096912398300001,348.51600200630003,321.5854733923,26.930528614,-806.83202062099997,-429.20621611410002,-107.15230211470001,-322.05391399939998,-377.62580450690001,167.16229549689999,-544.78810000379997,-77.497628641099993,-58.895618059699999,-18.602010581399998,355.05723068890001,294.0985762995,0,96.094676318699996,248.51173635980001,0.88993544770000099,-80.040868905500005,28.6430970788,60.958654389400003,0,73.362461488899996,-196.05917540839999,-3.5503452129999999,-0.31089081169999999,187.51660433359999,0,189.73,0,12.06,5.09,172.58,0,-501.78194968150001
2022.5,6.91526666666667,2022Q3,1514.7818186574,10706.388311693299,-9191.6064930359007,1686.5993253494,9773.8957895778003,-8087.2964642283996,1959.6040703113999,8819.8206075321996,-6860.2165372208001,-273.00474496200002,954.07518204559995,-1227.0799270076,33.457010887400003,35.886515603600003,-2.4295047161999999,11.4215770905,22.437700508999999,-11.016123418499999,-62.939940659599998,380.26093201560002,-443.2008726752,-268.43159519760002,42.927942790800003,-311.35953798840001,14.34551291,35.202607843700001,-20.857094933700001,-42.574593400399998,9.6501897461000006,-52.224783146500002,0.12864438080000001,11.567246667299999,-11.4386022865,-79.176715696200006,40.881065677000002,-120.0577813732,45.111476819300002,138.61874592480001,-93.507269105500001,89.2227238973,229.7908011623,-140.568077265,-3.7574909966000001,3.3484128988999999,-7.1059038955,-9.8113549969000005,3.5030212065000002,-13.3143762034,-238.50929165049999,800.82309322050003,-1039.3323848709999,1.9984238498,50.622401332300001,-48.623977482500003,-256.12400146300001,732.131574892,-988.25557635500002,15.616285962699999,18.069116996199998,-2.4528310334999999,66.691784958499994,131.66942889500001,-64.977643936500002,4.4868101047,14.190752740500001,-9.7039426358000007,62.204974853800003,117.47867615449999,-55.273701300699997,-1379.4030325966,-1.1099602423999999,0.46570542999999998,-1.5756656724,-1378.2930723541999,-678.73400210019997,-699.55907025399995,-1005.2730723542001,-305.71400210019999,-699.55907025399995,-395.86217853260001,-547.68587736860002,-357.55821685670003,-190.12766051189999,-63.835368412800001,-59.3760781533,-4.4592902595000004,-483.85050895580002,-298.18213870340003,-185.6683702524,151.82369883600001,189.2759540305,-37.452255194499998,5.3952037023999999,25.961720655899999,-20.566516953499999,146.42849513359999,163.31423337460001,-16.885738240999999,-1057.2755566394001,-675.25926796179999,-80.741601327400005,-594.51766663440003,-382.01628867760002,43.432499427300002,-425.44878810490002,-9.2924090194000009,13.3863596977,-22.678768717099999,457.15707183720002,903.84478353249995,-2.0099999999999998,143.51036236690001,603.94437832920005,-2.8681652804,-184.53788656009999,345.80609467689999,-446.68771169529998,0,-104.2739622804,-70.690886325299999,-6.8307681639000002,-80.331791181599996,-184.5603037441,0,-373.02,0,15,6.0000000000000102E-2,-388.08,0,-135.3787860608
2022.75,7.09553333333333,2022Q4,1117.2842075067999,10005.633485590301,-8888.3492780835004,1292.8453064194,9179.5087287972001,-7886.6634223778001,1577.7914786581,8310.9659009156003,-6733.1744222574998,-284.9461722387,868.54282788160003,-1153.4890001203,35.922136205599998,37.690837632600001,-1.7687014270000001,10.038886821,23.064755528900001,-13.025868707900001,-139.37161862459999,280.75872474059997,-420.13034336520002,-257.35555622530001,46.767579225799999,-304.12313545109998,23.334243105700001,40.249817024999999,-16.915573919300002,-35.107012974900002,15.656095837900001,-50.763108812799999,2.4733855201999999,10.8690342624,-8.3956487422000006,-73.184674341399997,29.277039116800001,-102.46171345819999,41.526485071300002,130.02149661609999,-88.495011544799993,111.8538953086,247.340680582,-135.48678527339999,-4.8825260892999998,3.2477662610000002,-8.1302923502999995,-0.1938160156,3.5990010524999998,-3.7928170681000002,-216.26104075949999,744.63007915260005,-960.89111991209995,28.905661239299999,62.637362132,-33.731700892699997,-250.20539600870001,674.70982441989997,-924.91522042860004,5.0386940099000004,7.2828926007000003,-2.2441985907999999,40.699941846900003,81.494677640500001,-40.794735793599997,7.8116942087999997,18.431017408900001,-10.6193232001,32.888247638099998,63.063660231599997,-30.175412593499999,-1058.47941472,0.21637724219999999,0.62462969349999997,-0.40825245129999999,-1058.6957919622,-1084.2165082695001,25.520716307299999,-670.86909196219995,-696.38980826950001,25.520716307299999,-292.19857199040001,-592.70027668880005,-387.7585128055,-204.94176388330001,-100.81466020080001,-78.913132665999996,-21.9015275348,-491.88561648799998,-308.84538013949998,-183.0402363485,300.50170469839998,295.95254849359998,4.5491562048,65.291388968099994,26.1594959653,39.131893002799998,235.21031573030001,269.7930525283,-34.582736797999999,-241.00788418729999,-283.12167542269998,-143.4904775052,-139.6311979175,42.113791235400001,229.62105611609999,-187.50726488070001,12.223478929900001,22.175176988299999,-9.9516980583999999,-149.88611471440001,157.25696685369999,0,-174.3778160686,392.40466874539999,-19.841108093500001,41.262524062200001,-82.191301791800001,-307.1430815681,0,-379.84703694019998,103.371097402,20.4103751669,-27.768631554700001,-23.308885642100002,0,-387.82670000000002,0,-7.05,-8.83,-371.94670000000002,0,-58.804792786801997
2023,6.85136666666667,2023Q1,767.36631664590004,8944.4857780313996,-8177.1194613854996,853.6295677416,8270.6379609061005,-7417.0083931645004,1263.9553645364001,7390.8431854560004,-6126.8878209196,-410.3257967948,879.79477545010002,-1290.1205722448999,29.099809637700002,31.030086840500001,-1.9302772027999999,7.8908899752000004,20.528735400199999,-12.637845425,-161.96635203100001,222.94143654889999,-384.9077885799,-402.34340259779998,60.0257556444,-462.3691582422,18.224410346799999,34.672671512500003,-16.4482611657,9.7549072442,51.361327677799999,-41.6064204336,2.8534036386000001,11.7379759769,-8.8845723382999999,-66.919277487599999,31.684726705399999,-98.604004192999994,36.913403736100001,149.84016497670001,-112.9267612406,119.8163674116,258.62595946620002,-138.80959205459999,-3.3042710217,3.3702445058000001,-6.6745155274999997,-0.34568564689999998,3.9756901947999999,-4.3213758417000001,-140.1197086784,559.50350749400002,-699.62321617240002,11.3438516512,57.802370220100002,-46.458518568899997,-154.7870422661,495.86609994870003,-650.65314221480003,3.3234819364999999,5.8350373252000001,-2.5115553887000002,53.856457582700003,114.34430963130001,-60.487852048599997,2.1057022124000002,16.098744265299999,-13.9930420529,51.750755370299999,98.245565365999994,-46.494809995700003,-697.13439999499997,8.5906939599999996E-2,0.90547198179999999,-0.81956504220000004,-697.22030693459999,-961.63075036889995,264.41044343430002,-477.54650693460002,-741.95695036890004,264.41044343430002,-261.32699445129998,-496.88608930300001,-309.39709035380002,-187.48899894920001,-108.205157902,-92.712881385900005,-15.4922765161,-388.68093140100001,-216.68420896789999,-171.99672243309999,235.5590948517,326.41262065439997,-90.853525802700005,14.2889290326,41.829318037100002,-27.5403890045,221.27016581909999,284.58330261729998,-63.313136798199999,-564.76523329650001,-381.60278672089999,-145.75684855040001,-235.84593817050001,-183.1624465756,254.00620216120001,-437.16864873679998,18.0014297528,8.0292289960000005,9.9722007567999995,330.54429106039998,128.50269665900001,0,221.1107820762,-311.67147701350001,-9.4754973577000001,313.71322238340002,-85.174333429399994,202.0415944014,0,414.29921034979998,70.1053890946,5.0947559881000002,-342.20274576520001,54.744984734100001,0,-219.6738,0,-13.1,-0.76,-205.81379999999999,0,-70.231916650900004
2023.25,7.09106666666667,2023Q2,592.79991338759999,9420.9963164295004,-8828.1964030419003,1110.3842114726999,8672.9093954962009,-7562.5251840234996,1602.5798963118,7871.0888728597001,-6268.5089765478997,-492.19568483910001,801.82052263649996,-1294.0162074755999,29.758545058599999,31.583107336899999,-1.8245622783,8.7113997067,23.380767949500001,-14.669368242799999,-193.73999069339999,210.88642031200001,-404.62641100539997,-353.41212994630001,60.851079420399998,-414.26320936669998,20.883578279599998,38.689648074099999,-17.806069794500001,-39.625235414000002,7.5364493212000001,-47.161684735199998,2.3988510886999999,11.944517838099999,-9.5456667494000005,-82.440340114899996,31.529780584299999,-113.9701206992,42.776461241299998,144.73235621769999,-101.9558949764,84.468911310699994,233.5311878158,-149.06227650509999,-5.7159250110000004,3.4595507252000002,-9.1754757361999992,-6.2598103451,3.6956570413000001,-9.9554673864000005,-548.6363313219,658.31322023259997,-1206.9495515545,20.221376833000001,58.385253307299998,-38.163876474299997,-573.62068910159996,593.319284057,-1166.9399731586,4.7629809466999999,6.6086828682999998,-1.8457019215999999,31.0520332368,89.773700700700005,-58.721667463899998,8.1918106052000006,18.537113852899999,-10.3453032477,22.860222631599999,71.236586847799998,-48.376364216200002,-419.51047350959999,-0.83801231799999998,0.29831175850000002,-1.1363240765,-418.67246119160001,-310.32475367429998,-108.34770751729999,-284.66736119159998,-176.31965367430001,-108.34770751729999,-252.96980287049999,-388.62471874189998,-246.14207492310001,-142.4826438188,-46.645151741699998,-43.714050127699998,-2.9311016140000001,-341.97956700020001,-202.42802479540001,-139.5515422048,135.65491587139999,106.6835871749,28.971328696499999,13.314572992800001,13.085838800399999,0.22873419240000101,122.3403428786,93.5977483745,28.742594504100001,-59.220964641800002,-142.5786781127,-71.133979394199997,-71.444698718500007,83.357713470899995,65.936347499299998,17.4213659716,-43.873074137400003,-32.477757723899998,-11.3953164135,71.396480458100001,387.3615009042,-0.67,122.11202262499999,433.21221270630002,1.0890877407999999,-48.515398391399998,-119.8664237765,-315.96502044610003,0,-251.63893392770001,-98.286953636299998,-5.5263464672999998,-99.691005058399995,139.17821864359999,0,-134.0051,0,3.55,12.14,-149.6951,0,-173.289439878
2023.5,7.23393333333333,2023Q3,607.79139172839996,9636.3075760453994,-9028.5161843170008,952.13753872309996,8881.5947535644991,-7929.4572148413999,1560.9982486086001,8097.9957670022004,-6536.9975183936003,-608.8607098855,783.59898656229996,-1392.4596964478001,29.902869524100002,32.215255480700002,-2.3123859566,12.8834501745,27.834001830799998,-14.9505516563,-188.41760668719999,218.8540168909,-407.27162357809999,-465.9951959819,60.103119270299999,-526.0983152522,7.1224740085000002,29.9818442885,-22.85937028,-37.091812215200001,4.884277634,-41.976089849200001,0.49299292449999998,9.7816612293999992,-9.2886683048999998,-86.553974714899994,23.124204086100001,-109.678178801,50.983802649499999,138.60798000939999,-87.624177359900003,83.626132459199994,231.95042962310001,-148.32429716390001,-7.3084387677000002,3.2004980829999998,-10.5089368507,-8.5054032588999995,3.0616981361,-11.567101395,-367.18897831229998,680.59035155310005,-1047.7793298654001,20.329916695000001,55.241896211700002,-34.911979516700001,-409.38441951099998,601.44204110539999,-1010.8264606164,21.865524503700001,23.906414236,-2.0408897323000001,22.842831317600002,74.122470927799995,-51.2796396102,6.7908040697000001,16.631707376600001,-9.8409033068999996,16.0520272479,57.490763551199997,-41.438736303299997,-567.61265258799995,-1.4124327695000001,0.30251464620000001,-1.7149474157,-566.20021981850005,-110.6006033915,-455.599616427,-996.82381981850006,-541.22420339150005,-455.599616427,-652.30090003659996,-531.67900710540005,-289.32479093500001,-242.35421617040001,-63.7798432644,-54.013873783800001,-9.7659694806000008,-467.89916384100002,-235.31091715119999,-232.5882466898,-120.62189293119999,50.601311934500004,-171.22320486570001,-27.791668468600001,-12.7898882022,-15.001780266400001,-92.8302244626,63.3912001367,-156.22142459930001,-356.03707849689999,-138.2846875969,-199.8218147693,61.537127172399998,-217.75239089999999,-108.6252314768,-109.1271594232,-44.482796663199998,-33.053720422700003,-11.429076240500001,55.9969553781999,161.79321173349999,-1.34382,82.176697423999997,130.567888517,-8.4441252027000004,-225.34736937049999,184.18394036570001,-105.7962563553,0,-135.6301475507,-160.4899740338,-2.6606921118,96.254847756199993,96.729709584800005,0,430.62360000000001,0,-2.2599999999999998,1.1299999999999999,431.75360000000001,0,-40.178739140400403
2023.75,7.1832,2023Q4,561.91509168549896,9885.4640871770007,-9323.5489954914992,944.48019986069903,9287.3354109996999,-8342.8552111389999,1511.4312271464,8432.0017957624004,-6920.5705686159999,-566.95102728569998,855.33361523730002,-1422.284642523,31.6252979074,35.166635915100002,-3.5413380076999998,11.253681671700001,28.1353091736,-16.881627501899999,-186.596669926,217.7289568418,-404.32562676779997,-494.93838669830001,67.004316638199995,-561.94270333650002,33.1568926562,54.197947620000001,-21.041054963800001,-25.483156450900001,5.6217213682000002,-31.1048778191,0.80162163460000002,10.1147247018,-9.3131030672000001,-81.550581620399996,23.434039075800001,-104.9846206962,61.952154155899997,147.78393340650001,-85.831779250599993,92.441529325399998,258.03566912579998,-165.5941398004,-9.9381449492999998,3.8622369113000001,-13.8003818606,0.32473500799999999,4.2481244591999996,-3.9233894511999998,-426.47145988289998,501.47937062779999,-927.95083051070003,20.208930674000001,54.983396937599998,-34.774466263599997,-451.7970812012,437.6632895052,-889.4603707064,5.1166906443000002,8.8326841849999997,-3.7159935407,43.906351707699997,96.649305549499999,-52.742953841800002,-0.46455096689999997,13.422255574799999,-13.8868065417,44.370902674600003,83.227049974699995,-38.856147300099998,-466.3566921744,-0.81481124569999996,0.3891854924,-1.2039967381000001,-465.54188092869998,-899.36814371770004,433.826262789,-340.33548092870001,-774.16174371770001,433.826262789,-259.14000838150002,-435.82468466199998,-263.80177898549999,-172.02290567649999,8.8571072258000001,-1.0570186211999999,9.9141258469999993,-444.68179188779999,-262.74476036430002,-181.9370315235,176.68467628050001,232.90511461,-56.220438329499999,17.0671175891,-3.0790394623999999,20.146157051500001,159.61755869140001,235.9841540724,-76.366595380999996,347.58217280700001,-110.5433383255,-135.2285149949,24.685176669400001,458.12551113249998,-136.8562005972,594.98171172970001,-5.0001525924000001,8.8071440356000004,-13.807296628,-423.77749276179998,-236.6008647658,0,-176.5436588149,120.865257425,-9.2962102143000003,-146.3494233051,-25.276829856500001,-187.17662799600001,0,-204.73512573030001,-103.5739280725,3.4103764160000001,109.20819605689999,8.5138533338999896,0,-125.2064,0,-12.56,-1.59,-111.0564,0,-95.558399511099196
